SNXT6OR1L0XDJ5SI9WLGSRRWSRQU6D 34 AAC5F1D5EA3CG85370C2GHG9HE8GFD 18 5
164D7OE72BIP3OCMGC6FJA4L0IB71J 26 I5FHCEK4ACJ8B897HK9E0331BA8FF2 22 3
E4FIJB3675D59I08CEK6H18D275570 21 09D45EF167DBD60D0C002201C9F5B8 16 9
DD6C7CD490C4FG55ADE39D003BGAEB 17 302331230031022220030013123102 4 8
110266521543265505233523635442 7 E744J22K3K5I048K0CI814H54FFCF0 21 10
F0HFHHBCG123BE1G5CI5HEC4I37I53 20 623400363121026165601124601400 7 31
36D0JCE642B70IH7LD8EAAGAI5B00E 23 0G60CH7I76CGDD7DCI7GGGF98902F4 19 32
024866380623000707778381523841 9 W5CHLBFQX2DA47IE6YXVK6F3W9SSB3 35 36
G7LF41AH9KE1HG228JL601JIBE3G70 23 553544233704524035143611434646 8 29
1JEA0B5R6DP6SFIN0F9HF1PC70Q3AC 29 XTB6YA7CL4HJCXLDPKGES6K10IM1UX 35 28
0219493B021BA30830A13358A80392 12 2EFN3IEHQN9TA5WNNSU48QFR4C5K82 36 35
364112246245135552403555414400 7 BDF6M5FD0G1DI4MDH13HDH611LG3H3 23 18
GD10H351I0CG4BEFJ6AAJDE8CF6D68 20 95296755B77097094359926513ABB8 12 3
1SFQGSPLVQTSCWSZA6LL55E16GUJ0M 36 D4D9FE3D3C10E86I0HGIB84D8603C0 19 16
002320130101134143414444101034 5 HJ18EE979EJDH1JG2FGEF3F7H506EE 20 19
80EDE82529ED878G6BE9341504G7ED 17 EJ1L4DKFBGRCK78LN22HFAKHMPQJB2 28 29
AD16EG07FB8ACBFFH5GI823B4081H9 21 P951N7EHEPNOGOFM1HQ9HC6M3KMA2H 27 36
O973111MNJCIOC71BB2GE2FJ1LJJHE 26 312211422333322012331243123044 5 22
7BB30A70B3036AB6608AB6093BA159 12 FA14G0FP5AR1AE7224OFSQT4OO54DE 30 2
101121002102200122220200011012 3 048435177602675815518567713386 9 5
OWU9TIBVCEPCDE8CWV1I2MCKV6VRLL 33 Q6OMICPPKPCBBTDDPBO8K1CR7U4775 32 27
EEHHC11F85C278D5AGH16ED1542CEF 18 DA9047JE031AHLHE6N506092J5G89C 25 30
311431002134010234031222114043 5 743851558575615841384286375365 9 5
H43662AFA1997913365AC81CB4ED50 18 CM9BJ3OUOVRH105IU471M9WO6RU27K 33 27
111021101102110101102200011021 3 4710616A37A3452390432886125720 11 12
JB9K3C91GD7L61H83926BJ6GDFBFJB 22 100010011102100222011020021022 3 14
AO8QM3MD60KNSUD9KUHQ7IUMLNG1LF 32 N5DPLO00PCDDC39KLH6NL3IAFKC95J 26 22
GBP3MLJ2979FIHKCI094FFCD2020TF 30 020220211010220200012120221020 3 7
0762303741B7B538621113831A1647 12 121223121131131012203200011311 4 15
XETO1X43Q4HGT3JOF67TRQMG8JDW42 34 0G7I58JH3337MF1165D2LF48JGM1I9 24 15
WQLVCHX9VPQAEW8UC9UEAD5FY3Z84Y 36 086D183B59CEC1A3952D3028A89A52 15 3
D4H6H4AN91L36NG1NHL20E7CKJ323A 24 121341310141011321112140412242 5 27
6O5HP7OAIHF25N1OPL22E76A94HC74 26 5J58HH1218407GID2G82078I4FHJ4I 20 7
304201311034342330404433114104 6 0A6520124232465275114B59877B77 13 28
875771828687304157758253693960 10 5A54819B575518A711582035AB4133 12 10
A1LF97CFGMND1GNBLMA6G8JJHHJM9H 25 45KIJGK5BD6GEG5E08GEJH15HE77H6 21 16
5A2A844C04668B118858C580339760 14 LKL22Q8UPJ8VNP2H7TTH8547N28M4M 32 4
Q1AKEFC4RA6NPDKMLCLO0N5LHB4R5P 28 F5XSXAHECUA0QB0BBB7C23FMLKVMHH 34 10
662244005520315644435402612546 7 3AE42CA1D32848591CD13F6D282B6F 16 25
312233003321132213323101130330 4 530021041022111153252204030411 6 34
A89576IHL0EAC9K5J124HAHD1FD73K 23 85A06757360A181419505636333A76 11 34
032333323232011022003322223020 4 460333079969379241654295168604 10 2
632523217222673604754031746214 8 101110011010111100000100010100 2 29
22IJ1GJH54CL8F4A3LEGIL90GLE64J 22 JG4JVKAOR9I36RQ6J7NBFHCSQIO896 32 22
346C26BE98D67604831D5B9710D895 15 B5B4665EE0329BE86F5DAFDAFEF976 16 33
A4977612B190316256306543642653 13 354035646200415241643223621022 7 22
250143123340405213354420545350 6 A10888B9B1A5AC3B6A300735B0862B 13 24
8RPE64MVSKH6UC9UHQQICFVGJNN3B4 33 248290369419216838081148430597 10 29
3JMJ9SHLQ4CNNMN7TCQKP7D1JAWPSF 33 261986BAB06B067980213342672884 12 13
NWP7OUCJ4SGVUA49MO80ET3SMSRK2K 33 7A0HWO3KJ8YNOYLBMNO18E2UIQSMPO 35 19
8D2D7669987470094D22C778D2A681 14 B8EIEDDE2GE046BAF48IG04GF35E68 19 19
621621314787074460016014054122 9 8EDCEC5I9D1G72C501BG823G74A109 19 27
FEE2E272B39ECKE14J924F3AI4CC15 21 GBC5J044N4KJJCM1HGF3MANH7AGAKI 25 12
KS13VHKT3HIARP7A5O9IMBID0D1BHG 32 A262729746184B414507486509BAA9 12 36
333622244311630413201300441130 7 CIDBVEKO0AGBM02LSFVVRBM24KN2UQ 32 23
LM3DJMC4H6HFL32KK1H2LD95CBLCEA 23 LDE0J10DFDEF7H6BH30JGKEFIKBKI2 23 13
O1BRK5WD82KVL95CNFLK0LBE657K6A 33 655288216542285778812488311358 9 30
B5D265HFD7E25J66HHBIA8CHFF570D 22 D7CDA15D9632E1D6536B88A11A0394 15 34
040443413143252125312335234150 6 021130012121221302310331333100 4 11
JW688A1PEAH979O65293UCPKOL91O0 33 59D3EKHB8780069CIEEI196JDEI29J 22 25
022200102020112111020012122201 3 46794D13A6F95CC1A825IHBA20D6CA 19 10
056D9D593B498992A20D337763A0A8 14 36114C3A7A6C65638740AA3157B12C 13 8
445123031415244550114450003323 7 1A205744DA1B26D1DC149986A11545 16 34
I9I5IAFH4E81J9C26B90446CB3H3I3 20 MAA26H302ENDMP5GB7O8OMBJIHN7J5 27 20
EC7R9MLAHIQC6T4GUIULE96O9J82HM 31 E1636I9H5EI83IGCGB6270714EIC6E 19 33
021010204333144330240030233412 5 AA13B0E94D0424C05AACC2C30C70A3 15 3
322412340301300112204103110101 5 501443241141211253102313052253 6 18
EYAECKNT38L6UN9UP13VD9QIW5EGPY 35 028508245023374566357574876245 9 32
IQSUF3N37T8S3K1F2RR1TFO9772P0D 31 CLIU6UPA8FF1JL248QJ8NOSQI7NEQ4 32 5
N5ONDOKCDFQ5QOE8KIPCPQQRR8AN9N 28 29A53INEDQ659LKO8D4KR4LB0H69CK 28 8
836D7ADE9C4D6937A88C2D86DC36C3 15 1LHML4LN5M69OK4IMI21G4OOB6D893 25 20
WUGXYV5HLPK8357I6VADIYFSE6PHM1 35 2Q3DNDD0HUJVJ38FM8X173C7C1UHHK 34 21
6HG3IH27G66FA2D402057B925939DG 19 CEJE11AK1A9D26B7D5HF0EIE458LDG 22 2
D84CMEF599305G2FL0K1GC4DBL8L7F 23 6AA022FCI6KL27217K2GGL1H3G368G 22 4
66ML7S0E9233RLPCI8B578ABMQR9IO 30 AC6CHHGAGH5G05BF0746G4C8GH3D90 18 15
ACEKDE3692FD13I1MJHCIA98A00E6I 23 I5J5FIFGKOA27G2JML4149N5MD3DHO 26 9
313230333310002101122231213130 4 N2AHHRO5PT5WF2UJE50KK2UE90A4JS 33 31
X3VAV371AX95FWSOU1BHETR04DWLU2 34 122001222100012101000100112202 3 5
ERG4XFWTXN8VY4R2T0CCX1OE2K1HW5 35 112102100201112001222020020100 3 10
210002102122012120002022110120 3 102010223311001100131323303202 4 20
U1G7FPIITULRJRJG3O304NV95GR87F 32 671C3158832483C670959B2631886C 13 15
A1E22FJ13921BPHOFJ4DOE85ICGM86 27 A1MJ1EBELB2D7E72EDFCAC81B4IMIA 25 13
8AE09DB946D5032AG8CB11970G3988 17 722943B37C574433344516615BC985 13 6
F689A7A71CE543B9765F0155177772 16 K2JRBRMN7F5R3P9ANEMR04CIP9HRDH 28 20
60EEDCD1D9123357B49D1D5EFB3B03 16 7CFEFB9DA9G96B9G662AF9IJ93J64D 20 32
CD2G8GH031B7AD2G0866117E26H52E 18 RQKNB93GNCOHAQ0KOO7B45A05I5ENB 29 35
122011001001101222112012102220 3 331424402331024402222023324202 5 9
220020121221111202112210022221 3 3J2A59YTWXAT2R6DPY00DRJE9G6BRX 35 15
026315060616426324536153605366 7 5102C929A918E180E759A7496E9C8D 16 21
OKDKA82H7E155R4SA3KJ7ENJIC2PI2 30 8C7G25750B4E2HD642A7B5735G11D9 18 4
866560223995539284686548923502 10 26G49CJ4A70FA2GAAAC2GBC4455H4F 20 17
EBOECFDPG7OF0PA0QOOKM13FAM0323 27 H240GG567A1B63392D4988D569E730 18 18
C8FA81EEE8D0135HDB73CD18D500D8 18 8ICLGJDLDDCFN2JKB674JG4NG62O7B 25 7
2602B5398A8BCB88914980A33768B5 13 5048025IKO69TPD23ABMAECS7B0RGD 32 26
A9M8J37LUTNA7W4PQ7B3COJCANEFUW 33 015312200305352154123421341201 6 31
026427606774206655530334576454 8 0CLBD1GGJHK82J3I9KD33CLK80LJA3 26 31
469719465478172955965548300884 10 208M058C8H1FG0H6BNHMF8I08JE01J 24 12
940917898822392194775810117220 10 LHJ6EFI8E2EF5A6B203NL65BD9I399 24 29
523123660610652046622426536106 7 250126402056334351050563440004 7 22
BJJ4II1HO4CINKJ9GM21KCKHJAI21B 25 RFMPIMPNM6KFB4M2DB8OHDKF6J1FNE 28 12
422314334103312033124043403221 5 NB29410E826DNOJ7PILO16K2IH9FAT 31 31
79074761A1173091046A1628788318 12 222202200122100001111211222020 3 31
9Q896EAC43M61L6702EJE9N8KOQBHL 27 H47F45J13B3I208B1EB5E834B91GIH 20 16
B3BAC8AB93A80E14D3DD3DCC5B6EC5 15 152142302445244315042531132401 6 4
23DL2GNEGC2OP63HHK9TCQOK7E98BD 30 2360905A1467A6886EA3022070DE6B 15 29
PMJDOE1JN6RJCQN2L6ORAB3Q38Q1HI 29 162615251515664566465056162061 7 19
C2CC0ALHC0FE718AGCI612L13I361K 22 376C69DBB11A0B6767130046CA760B 14 4
514220221303213143503442211542 6 BNLI0GBMAHL5GE255LAIM48ABN51MN 24 34
022010131313132013011223331321 4 EVOAN14LEVQRF0FHSUPD6NKGITLQ85 33 20
138993034788008973574322495514 10 757570223644543332615640211508 9 22
944J62ID9320D5HC76IJ500A014AGI 20 02DKJAF4J58J3J2BBJ5KJHF2C0E728 21 22
246717862017506848605051787226 9 5857AAA67J936D8G7ID77D00H17B99 20 34
G1H080FHBAJ6AA5IB9156G1DHE482A 21 055536542425010025561301315301 7 19
587DB3LFHCLHD67G1E943D1G89DE51 22 D29B2DD209E5802B3AA081D71BAADA 15 25
0D38H0E27B2D5A87B4DDF4EAG104CE 18 824054158656360281429441972212 10 2
CMRCWC1XC8FFE1GH1ZT2OATV1VZXG7 36 5395872KM8E91AGQCJB8Q7FCBKGA6S 29 5
6D21C0E906711BB9E5C54AF8C5DD4F 16 0O9JFBI8K6MP418NQRHD72979RG32D 28 30
000101101111111111111010000110 2 402672755630015731801786824862 9 2
OEL97DHN3F32LLJ9HOONDM3QGNJAGN 27 3G15HM6J5MK1CEBI98AC1J9F6GB87A 23 30
GC7F3GCD6C9988C794417C76A11180 18 138477673525626763370670350224 9 25
A4QI46KHA147LH9HG0IJ10HC9PECC2 27 3J3DM3H2CK13IC454AJJK355OJMA93 25 20
HTAJP036UE47PJP0AALD8HNCKE1CSJ 31 8SJEWZPHZ772YEFMAT9IIORWYI797N 36 28
33CCDIH47BDGAFF3C017AD3DH368DE 19 AUEBBYL2IT432WUE2EYRAVZ44ZFXPA 36 24
252278965541B16BC9AC926A572A29 13 WF6MLP2MF1OX2TDUVQIWM0S181WJ82 34 19
Q7H1X2W0XI8PAS39KGF6GWS218CB2T 34 543A60FA01A47EDG311F52GG2380DD 17 26
010011101000101101000000110110 2 011100010110000010111011001010 2 21
83I17C57F49IA1BCA52EJFD822G93F 21 O1QP22E6PH7JNE47GQ4DJNH5F1FA75 27 17
421041444414222420242441014111 5 122101212102022211121102201022 3 33
D9GN3O6DQB9J9MGOC5EEK085DT4EPT 31 287E7B79584BD79A4BDE942AD3CAB5 15 5
2CEFH8HBH8F74DCA5GJB813CKILHG1 23 000101102012111001011110102101 3 10
G61JO4N6M8JDAG80O95JLP3GID0I08 26 B70577095578BC14758A0ACB6797C1 13 29
5H7332C78JH356B4AFIJ688C3B227C 21 91KJ077IJFL04M59FD58QN972H08JK 28 11
504B48C8A497A9A508668AB4191239 13 762A9GD50F0445C70515E02957A9FA 17 7
1FGB9F99I4F5CEI303F0E1B61DA45I 19 93A583680079812395095228387616 11 16
C9L9H96KP9MT85RCDC8E44R99PG84B 30 132230320233200130303300202100 4 28
F4B2582715KPN3299K5516OFMD33A8 26 132203110311001031113310302201 5 17
24DF8A7FFFI5366ED2CG6GCCG11HA0 19 TR0ZG5YUDF3O4EPGXLDGKD7FF9215T 36 15
361023A93762023325940861A57326 11 OUIMNRYLLIMV1YOWG0PS4QJUN7MNEX 35 17
BR3P800H1N3T115L5OTTJQQDGBTTOF 31 073101505016627773250436313267 8 25
D5E80H17ALFCJ154E6BIJ3JEEF7176 22 044055125030122225010304225422 6 27
IB9C628F1608GI77GC3HIEGCG79EBC 19 676H4C4A351B155B6523GB9FH00936 18 6
CPOKL8A4I2C7FLNA7L227F2O6NJ42N 26 IA37H992QLI79P1R5AMJ7J09431AR4 28 21
7G7D0AFB51CG9077CE1E58CBG8CDEB 17 470003207155652747322155266452 8 13
LBLASVVH0NV2UDBL7FHABUK6D4R5L7 32 A200773BA5992A90492070577833B9 12 15
4JL6W1RH09LSNRDFGQM7IWJV8TI6NF 33 48D4IIF7FGGK4ALE97IB8K9J0C92P1 26 18
16221AC819332565575B5A17C75586 16 103572105655556017995311172679 10 8
111110001001111010000011100001 2 BAG0EF00J155FCG3F8CH954J11AB97 20 36
BM7HA0LEMIJEF8MJCGHE36II5IJFAD 25 044242101301333041033333450140 6 20
442404024122200331043001344224 5 MNOHLIEEBKT29LD667463AGU36AFS2 32 36
RQO9SGMBT5H261TE48B0B68JG0MDCD 31 5NG3A9KN03BKLLJNJ8FDD08K2LKC53 24 31
172270317635431330076306506227 8 23899673279498769281437957AA02 11 27
CQSTR1P1SRFFOHNE87SQ5DDL0PK0PV 32 RB91HKDMHG3PDRNQGDPDHII3C13SN0 35 33
GEA41A003806CDHGFLAJCJFAIL6H4A 23 301200030320232231021212120231 4 10
111000100010001011110011100001 2 2O7B5T67DJDP5D0H3P28RNADPBS7P2 30 4
665713153666657564078130566245 9 351993085517679656799331390397 10 36
982F6E35431FBAFED5D6D488656D94 16 20DE2B2J274E3IHF7C625FJE4B7GH2 20 35
C7DD81CA813D7D19B0E0EA7449317B 15 432TE8P82A3PO0ITLKEBT13FHEPNKC 30 22
9MB4MC3FL6BAGLEOJ4NB6HAPD24B9L 26 5464E7D869754A017110065A0875C9 15 27
37F9JMKCMB7A2HJO7B6K6G48G8C497 27 3JPBG6LLN5GD5K1A1CEMKKASB3IKP5 29 8
164650466624236461414252660324 7 KSB179U35P515C4IJPCGDT2A4PJA72 32 9
16G3DI20FH0FAE0DG8EB504AIDE929 19 76C43LKI2AMDL5ODHE12LIKJH1H2J3 25 24
100101110111100111000011100100 2 AO16C1IQ1NB5C15MDSF4J2TZEX6CC0 36 21
L1R0OJDQ8F61RC4G0290853DRIM1MI 28 DDHK2A2G3FM8OP0MF96K5DCL7084QH 27 14
1D862575BD4A2118333B498AC88CC2 14 02D21HD89BB4FGA8308127287FGHDE 18 27
577367636712668A061A9413576607 11 202000020102112221002020100100 3 19
9D8F51C83B8C46EE96AF9C78275173 16 3P5VMDJE305TLUUCKK4URSBUSE65K9 33 10
K765F595H2ICOF20D77DHM0IEHIB9J 25 A2620AAA1C88A0155CBC1216A12191 13 13
DB4A3AHFCFBH775204F6B156DDB6A7 18 734821222398692493057587698787 10 29
3FOKMJQEDF62UTX7PGMHRNXS5YX9T2 35 77C31A15U83M4LTT1OB4LKJFNR8GDR 32 19
A777862A116774A303027AA36653A5 11 688120EE5584796AC6AD6166AE0423 15 30
E666HHGJ632GFH7I90FI7656HK7I8A 21 0D0E9MG33C39FLN0JKCKMFLCNBF1C6 25 28
Q41GEOVJUTZ0U04EIAW3VGMIKFS6UY 36 123323200211101222013221122310 4 14
686150178265702206774126063164 9 H83EJ803HH954BH0GE7IAFCE57C4GF 22 10
434044011233204203112134231201 5 WDK5J6QWQI68SNPBOLHDERBPA4LYFL 35 5
GABMBJHGA5C48G8E318G13JKI6J8KJ 23 1F796EF6C09D5110GG7481D4BCGFD3 17 28
ALHF0F79C498DJJE8I150J759554K4 22 K2EGF3ED22KG0A44CCK3DF743F19J4 21 7
531762121425552863006521863245 9 1C6JBC2L6D1C6LMM8MJ3B1LHJ72CAB 23 5
120111112112212100222222120112 3 CKIJ39F51HBKBML2AH8GKHM6FIMEJ1 23 17
542241344105544530304225120311 6 A0DFD5CF1600FA212D0BCF931C0B22 16 8
591174800J1C9A3G3BLE327K6ECE3H 23 3G78HGDK24NHAE8L5FL4BK08C7C2B2 24 20
KT6Z1BE7F2ARIKS10IZI0BITM5KNQ4 36 6KP71EP2IAKQJGKARP10GQI352M72O 28 26
123350004220102015215051305025 6 I8H6IE2M7GK66M2F4E3D6GICJKE666 23 26
D7C0048E3362EA84208383B8BB1E13 15 F7K0A8962F8MMK3L313M465G0NIJJ5 24 6
3B5407819145587075B601B6073946 12 12A9EB0170H47G715A049FD5539337 20 11
346535434226432474155075244672 8 0183A04A4304765402140691008112 11 26
220010201201212010102211100112 3 1NJHC5F1H6NOEJN7MJEGKF9K453IHO 25 24
89332629A1054032859A445B90C27A 15 9GBBDA9I4GIBK0K24659A213F3BD49 21 36
BDIJ78L4I8GGC08JFD8M7L524HE479 24 2B1C4AB5CE6A1CE452D3AEB647D1C0 15 4
201020222221110120311122021320 4 MSKNKJ95BF563FLX2F08ETKI4AHCSU 35 2
1D3106DB1EDC9F3D1FB67FC98267C5 16 55DCM95PQI9H111DE1Q4B1NIGK82MC 27 20
TNCTTGCJ0POTHIPLOU8MCG209FG5NG 33 536613312636630434055000411120 7 18
DFSUVGA44XDIMYIGDWOAG3V44R56YT 35 8A5A448A9394017233064140999629 11 33
923191654124661154586991778349 10 086471697320896199667388792912 10 8
A5504418636A5778A304A644772275 11 1C4BB1CC65A0A393308A0B02B48583 13 30
ESJ5VHVC44CL1DKEPTUF9VJS88AUEH 32 36H97K7O889RI0BJ915EKAN0D1K3SQ 30 28
6BD920E9E9CKH2KF629H42FI74CL64 22 333351440434455415442212405135 6 36
300304403535250431150355400124 6 100200022012022010110122102121 3 11
210021211212010221001220010211 3 FB69EHSMLKF547NALC1CP71NCI9P01 29 4
HCB79EE646GC5J4A11JD17DL7J41EL 22 640A718617398771A300A60A501A60 11 17
9823A9DB8ABABA3C761CAC486A0B05 14 SDF11RMOL2I6FJC8RSANJ22NQRJQQQ 29 4
94EDPQGQLBBF5OI2G9F7KQBM84ILGM 28 010214440305123405030201533320 6 20
DKG25KADBLLH06L3G5A23LE9HDMI47 23 G0JVU4LQHV7DNBQGLNVGBQ5MT22M4B 32 7
100101001011100011101010000111 2 UWDOCSQMIEYB0M1SNXVKY7RMX6DG3C 36 11
1CF2L3HEN97C5FDL741B1A7003GB6M 24 0C922479E8D74216BE92BD7D2DD9BC 15 29
L8CD003CG6A352KBB1B50G96HDD89A 22 MGUMG7WCRR3IHVV9J8J31KW27ECF67 34 12
EQQHBGFQBR867HPC40AFA1OCRF1R0F 29 FH6KMG01EMMDH7HDADEBL0AA9CKIME 24 29
EJF3M6709NBE474C6M3365D98EF1MF 24 207707434676606652302984034806 10 33
CD28T5M24NAOF1KM33UM2RCNH470LM 32 DD7FGCL32BHBA0LB673LGBC708022K 23 32
12F14AD6I6K784E99K1K509DF1CIE0 21 17FM41HJ2JED40311387KE6HDMALMG 23 10
2YUFRHXUXD9E7W7YYBTQHG4QDTL3PO 35 252B2021610294717329691250B6B3 12 27
815A6307B4477B05A4ABAB05B79A47 12 102212321111322220032232101011 4 24
488767214140570528123476713840 9 221305134550432555125412053141 6 10
99A3CJI6GH21AI0F4ECG51DC7J75IG 20 MAMY2CUXDGVA62UUVA45LECJJMNCKE 35 26
044152657737105614501125564100 8 156361272764013234424171316716 8 3
233D02B1722BE50A265938EAA74066 15 5EFI9455IH75FEE0B6E84FFH899IEG 19 34
6N7I5A97ONA29CG1G0DBF5F7OFD7LM 25 300406156420442154166624606042 7 28
1A8BL9L16989674K0IIALI78NI7K1L 24 032150033997491263399875872355 10 24
451234046516155662120203521303 7 LJ51H24CJF6678A87OL16FDKAJB44O 25 6
E08B49AA146F93E8D190AB1DD4597G 17 THPODMFLI3LIG6QEFCHL46TPQN77TB 31 13
AGEGABH8C1H6BH7396FKHJC4AF6E14 22 620405551562043504152131235020 7 34
5A06UXA4FRXKH8EQ79ITD37770UDBH 34 4BLEOS91E1POAAIN90QBS0MB7GR092 30 6
B1NA2037K4F68DF36AK6PB5985J326 27 240240571677431444171513476670 8 28
111312300133211330331120220001 4 42EB12436D7A0460332CA0D099C0D0 15 3
151153249018499206862659616524 10 D98B227879AE874364580F69A70834 16 17
MLMJ8QLKMPJ8HQR2NELLO4NH0GOJO7 29 7P436NKMG3HSP6K242GQDNKSO3KIIE 29 6
E04E4BDC76258C495E6A0A19738CBD 15 8CJFMK29495ONLPI65QMQ95H89I5A5 27 12
TWS90Q8XQQMBY6PP07UN208183RQ96 35 101111001010110100011001001101 2 22
6BRKFN0IS56MV8AUDVFU1DSJQJOCEU 33 0310AC207C374A6A39C996D632B294 14 18
886H2F8BDE3G401HC6A1J91E24AFH4 20 C0BD1CBB2238A42C03D68251AAD9FB 16 12
3AB2G4A38D4DAB2A9E703G3D16826A 19 E2AKF038ABKBD8BJIIMFFKMA619FPC 26 10
4BI0JCEKBMNRDHO679NUOHM18MG9U1 31 212011141124413000214301433033 5 5
232202013332130213200002021232 4 A51ADE6B970D0E7218D07095C84A77 16 24
738015B4082642164B3A003A927A95 12 NBDM2CTEIMQGJX60W30BUOGYSXA3Z6 36 33
5C3D0263159D258929C34987688A37 14 ELN6CZU0686L6E26RBWSDV6YPK21BA 36 28
QKJSSDRPO36BDNHAIO6AJL1LJJOE40 32 035764567125607065565771600527 8 29
341CB5728ED8C678E63860AEBCE060 15 101110111000011111010001001101 2 7
NFKRQ3EG3I3H9IIDH8N7DDR0109OMD 28 400143121410254054012115223002 6 35
M1EAE6FQ81GBD0I7017PKN5C024KBO 27 100073222032412735076123442027 8 33
0A8499BD56GICH8JJ07I2J450GBEJC 20 YQYIGU550EER16E2JQ6581UOXMQMGR 35 23
NSQN2OBK837MR0JNLFHBQLBDKGKTCF 30 JBQI237F9P0MFDILDLGQJ8DA5P4OOM 28 25
9K4KBRL174OG81F1FDHGNFCK81MKMO 28 333532035514304343433422304451 6 31
452033222440233354112155553154 6 4E3C24BA9BGC1BD40AHBC317B92ADD 18 27
8567MKTX0VPJ2D3F88XPU3HOC08ITQ 34 GB5F9A9830D75DIJIH8077D3AH7C7A 21 24
B5KGL6K1AKSF749NRMJO294GILKKR0 29 700457667165005003135732707430 8 10
661DGDQ0TCS9D15J3DBR6WEFXQQNDJ 34 K1EL5MAGL1F6EKJH9711I771K23BGC 23 6
318LIPQEHHHSNA9DIEF982011FQJC0 29 005031100837367248183524721424 10 4
141224611142560031064302503221 7 165621744144221950927078807551 10 29
272686105769497095551471843709 10 D52C2896692101E392621C7DACE98D 15 16
H7AFFF33G92B81AB3F9EC935A21D47 21 906E9311JCIDFJGH6B1612D85J4HD9 20 9
367198A08178821252725A40666088 12 4151F51DDE0128663D6FE245E3FB43 16 25
8BBD9F9I0D7G63I85CH2A73GF71E6G 19 JJ1K7QPJSHS51AH0RU6GMV1F542F1P 32 19
023312213003310331333333203011 4 A19HCFCBI7I7CHA08IEECH2IH0G52C 19 16
D55CBJ5G6ODHLCED6CE3G4IK06HIB8 25 332C298D03C66C0B2505769D23CCA1 14 28
0AB34A3A5C0227245375B068916AB4 13 QXIH5X9R3VXKRJDC729ASQSPGRA6FK 34 5
657545101782141513446031433880 9 7E048724CA7C58142836D41C5FDE2B 16 20
124121400535024116402261421204 7 001002110102222201101202211102 3 13
0F995E5J5CFMHLA45B9J1GA7D7BBD4 23 401111300010104114332004423330 5 15
6CR5FVURCQQP6IEINH9E8OOIUNK975 32 2C62753C744985410BE3272AA0C4B8 15 11
HKB8BHNGFR1EQSA72IRIG2OGBKRRSA 29 I923IIDDDC8H2IB43GI10EEK3C5HH2 21 24
DGF9FHE5CDI68D7EC6D06F9BCBJD9E 20 142BB8053F144FA8E56D234EC0E129 18 30
A93719A4332459BA96B1711743CA93 14 D88OBKC1FMNJ3NH2F28SP2F0M6GKLU 34 28
102221101122002101211222201110 3 5D0A1154BD82DDD86C531BD47DAB7A 14 36
003235420250115122153013200043 6 B5E2DJML1HM3SGQ9I6L2K1PQ2BP181 29 11
S4TBO2ALA1HJ2C5CBM81ARM9DGQLN0 30 AN8NOTRJTFU7UTLVSUHB1V05DP8GL2 33 32
758801339B02B46B1A1902A454B527 12 002110120200011111022101002111 3 10
OKJS6E8V0HDZ09VB67DZXUM33HYL1X 36 EVQR7XHJST01TSCFSLLIFS27ECPD2R 35 36
330422031213410032130244311324 5 7269E00BA6FD55E3FF4EB520739597 16 29
3B0C3C25D84DB11A851A8D8B070D3D 14 K8C92I543G3AFMJI3MAJA1C61436EB 23 15
4K9FHD8M3BAA3HHK2D204F3A6DHD77 23 G0F020LFFH53F1G1EDHBK9J8BGK85D 22 34
D3558GAF2ACC7EGA5F2G325B8D8999 17 KL8EILQ354PAIKO4J0O6GPFIQB8J94 27 21
Q9PA1I839DCEMMAHI4B5EM2GGRM0EM 28 JH2HKCCK72CKL5M4NMH20EJ21N31HN 24 10
KJ56J24KU5487CM0O2MC1P1EAAAQD0 32 LH68D1N3K6K2FJG8J0492HG8DIANBB 24 2
0IIJO43G97A21HCD8M2LFBFL92O7N2 25 C67CC071AA55814B56AB7326255210 13 32
I973B5A4920DEB6G5A98BHAIFB0DC1 19 040141000354524665455015533121 7 32
NXE1E67167OC4RG31V9820JI7XGMVL 34 8BIDOGJFLNDJ9C46IHLKAB24HO73LM 25 5
0ML37E80HIJM0DHG1II2C2GGA6B7L6 25 YTSXI4EINIFBGE4FI6K46WRPAJXYYP 35 12
45EJNNCDIAA1CMNF6T3T6PSXD1ATAL 34 117365766427023742066230412045 8 3
B896D5JIG5ABA9NLKI9FFB7ME72G73 24 J5NWVD6OLB5QAABUHP75LX0E6F82CS 36 5
C46421BE327CF45DBFC93C9C58A352 19 412327406694944128427030435165 10 21
7NGG59A5II9LC8FA8CHEKIJDAJ3FNE 25 80613979A412B702851595B4542443 12 16
9DFLN223FONQ1GDN559ENAI4G81178 28 000011101010010110101001100111 2 13
IG77JA5HEH996LKCJ3A0E3D1J0DGEJ 22 FADJ1H2DBFIAB5FIBA1B7D214FDA4B 20 13
7PVCPSWKA2PL6V2RIS9T5RDRHT02UU 34 6178IGFA646B4E4BA0G1177286DII0 19 34
A8A96135A0775AA3027994226A7086 11 7BDAH3A4EJC555B38F7AG541G2AF5C 21 23
H5UOWWNOE7VPASI33HVSS1U5S18FD6 34 1G163076CAA625AFGD2G5GGBB527E6 17 2
9763B5665B155412321A70BA809146 12 470044133715557373002064506205 8 8
KEERM5GH1IRNCM9O2CP85CJJ3PQHEP 28 2A343B0491E80HI6B77E1C9A9C3414 19 30
3AG70EF828742937AC1795HC6203BA 18 8HCF81KJ3C0K74KIKK1D8EKD3AF8AB 21 31
373B12014A0C605C90C42562A91A63 13 4000487B08170398AB846B00A51920 13 28
B68AAL8416GH40CCA101J3D766925C 22 324524440204121130315445534341 6 22
0L65KBDA1I5M39F6EG05D51C69J3KK 23 2GBB1E2FA9B0E09H41569AI80G295H 19 9
L82AEKJE7MLCG9ID18F625B10GBNCM 26 RAEGCCGTOFJJF8783FJPA3JD5JGHQL 30 10
1AC4A7157DA9125229351A59841459 14 88GI33G2B7C8HBE5F6H397426HD74D 19 8
13158043046311551825521B276A90 12 201020202102212122221110022210 3 9
9F82H3GE974GE170D0FD8GF027D2CH 18 VSO7R9MO0C7VGR3EMN6SPWUAW4093O 34 33
O4EETW7282L6E4M0SUEQECG9T5WNRC 33 57NUOHGNNGG4FQ9OLQTJBH5PJ79SDB 33 36
TIBI86IV553HQ6VCL1KG8T35803VU5 33 475304221571236115644766777040 8 23
GR2KU2AAM0IO33F8JAU9Q3HCB9034J 31 XXV8H22LV6B3LTQE8N72OWW9QVYAE7 36 4
DB8E7DCBDC5B93A92E10B3E55DED4D 15 123524021234645556153364024014 7 13
IJR57NH8LIJVMQRH9EU8Q5S7GDJKQA 32 9992A384491154F4CAD0F212332E2C 16 30
002200001112112220121122212002 3 6E80C81CIJ4CCFA4I48ED1FH8CB45E 20 19
HA0B62709K0I724E80I28B215890A5 21 001211221010120000021111011202 3 19
051545251661632300561443213415 7 LFKC2UG94JCLH6HP8OIE3UBTVN4O2G 36 18
123113122131200231001202002200 4 001112143454540220221241542353 6 27
CD37AB1D148B8B7027A034BAA5C037 14 9264G814FFH1AHC7230FA95FG4E6C7 18 33
3HDDIMANF5ND4KD419ONC5CBF2CHIM 26 7830D103CD0C767B3GF7E9FH583EC2 18 26
AOMLLMOLH1JJBGC2LO1AP5ENFRCGG2 28 894A7A92656735867A278834450554 11 36
WJYRBV5XVIFZNC5IRMSL0RD2XLEQ6V 36 264634312064305725034322430671 8 36
010111101111100110100111011000 2 ADB35AA3GC96AFOAM4161B50AA8A6E 25 12
511151998789799685140945556346 10 946BLB487723CM8310HEF3B7C8530G 23 32
321355150534013452524313241210 6 154452024434302511403302532202 6 7
MBO6OHRF3J2GPPPCDKGA688G8LR3EK 31 AHRKYUMN8850IP8YWVT7YKC4XQRI86 36 3
615242256044122511015034156151 7 E8JFCDH1IF4IA4983D6BH599C0GJF2 20 36
412F3E57C2DBF9D0F64B75CA331B43 16 1CID5F0F71C02F2B5J52J836FE0HBC 20 30
BA8IK2EK26I3289BBCLAGCH4ND0363 25 96EA3GDIC3B16FJC68E7IB2H0BBD47 21 19
6TC3BTV2R4FEDTJ512017PT62JQAWX 35 P4I65MUQC45ML8E2OLRH6D20J0H6LQ 32 16
GFADG2G3C4ADF7F00886A5CGC483D9 17 137001404656016444432371364416 8 7
T4D9RQ6DCBCKQCS62MIC9OS3TT6ETR 30 T1GQSBB1QSQFNT551H8BPA8C442F1S 31 30
37I8NT36330MPTHA2TGTO2G93BB84L 31 3UTSKB4C38GSBRPMSSSJGOMH99HU63 34 35
632202234543402332625818827803 9 AB8661614B3143A340343631B8874B 12 24
T8J07LT5D6KQUVETD3AFUA6LHP88BE 33 AC29NKEC8CHNDK3F5MOKNM5LFFM78M 25 13
346346633601453322652516064640 7 4O3PE55GNEIEEGA8IQQFSDATRT0KAC 30 30
567625337055245362330536311622 9 146012667066137004572127716656 8 35
K2QEPO7FMGQEP5JGOO8JO3FHO0Q3F2 27 AH3NIEEHE15H53AJ46K619MO5DJ46Q 27 30
C47JA3STC49431SD4J0UO2E0BEKEMT 33 478424003072674826862154622524 9 30
220134425220231133202004414423 6 1V0DATQVDEHNG4TPPHJHKO3J9RGECW 33 5
525145402002221551331345233115 6 D8EA94E074BA386522AEE9C5630D46 15 32
6CH9IA1004C309IEK6IB7HH7JD0H74 22 A3D9D14BCA22C13D2273GCAC45B1FA 17 36
JEKKBR57M66R4N77COVI4VHIS91BNN 32 4341692547B9139106345B40969670 12 24
WAJCQ465V6OUMASA39T8023705C73D 33 I5IJIHEG3HE4CB8B5F0L8C9G7G264B 22 20
88G03VJ4NFAEMG3HQ39FO0LSS5U2RG 33 FKN76U6N1DVPSPJMMGEFAE5MKLMZSL 36 7
H5A78H05H0FG3DG8D1709H7F1EE2H3 18 168577515822709439950584833084 10 5
9275599IC96C5508IIC6B9DG361C81 19 4EDHPLJD803AAEJF3INC04MJE13LLK 26 16
5AA24CG8G16BB8K39C0KI77EI2927A 21 113110221001231120222033320322 4 28
88FB394G4155DCC511F6B6F67CB17F 17 CJ1DA8JF86011E7292883326B5JE7E 22 32
011101011110110101110101000110 2 E4H65F2A9GK1B2024320FIJ8D05412 21 3
GIC4BPLFLQJE91395Q1RF04ME3RQJC 28 220020200111000101121101112002 3 7
305564264436054040001062442451 7 F2846C40FC2B77CD35D214729506A9 16 20
292J7AI32FA5A100MH5N5E2B36M56F 24 96S5DWCM5JWEJ2V2VEKO4AC92U3TV5 33 17
SB5FSC8F5O3PRPT09RQ6T50NB4G52K 30 1OC3G199R8TCEP8K81F6JJNRL5P8IH 30 36
664315240533602634514443611015 7 FNCEPI0NQLF50KKR772QOFDATDTNVS 32 19
SOTVACW1P7D2WL1JSFJ7N235U4352M 33 000011101101011010100100110110 2 26
110110001010011011000110011111 2 78ECPQ3NQRC0K7ILOCLLNH5AN99F00 29 13
A5A309925306A4410528756B740938 12 V7CFAPTV8BG91I9W8R6E20E98GW1VB 33 11
920870374972184104183810232762 10 44S5T867PSISMI7G7E9GUS0MGR870G 31 24
61BA765DB25AA4325312A612A8766C 14 5N0D5ECE2FM5E0B55ACN6J36BNDE12 26 6
9988446515I9FC6BD8FDF373E7660B 19 555331244303123030352544414554 6 32
EE5AKDCKD098C6PP1E10HEC43E1DNO 27 1DBB441C5C84D1AB3C15862923FCC4 16 9
9KAGSF04HINCTDOD33I7KTBVAVKLL7 33 334201140201213313233124430043 5 19
S6SNKJTD15CKB5LBOLM7BRMCBM9P1N 30 C246E5G2D85H24F6A465B6D7DCHE04 18 31
96AB7DA607306B1BE10955E3D096D2 16 112311430200323302104303044231 5 6
8KYB2GC2M8RAEP7K14487A4345YLPD 35 27228776710369658443191765519A 11 11
626B087691B4C89C22793594AA6A40 13 0D1DB2C85H9GEIEDAF8CIC5GAG7I57 19 20
0JLN6TR9E8SILJQWAG8KK91U33F8UV 33 429516B217I4IEJI7EA74FE88ED00C 20 11
FC1B66HE79EG72GFDG0232CF98AE94 18 906072028670977622886630542267 10 31
61EC5E070F6B89DDD473CF83456AA7 16 P888BJ33L5F0GQ1H0K5H8I591NNC7N 27 8
552021152654561635566543415205 7 EICMAFGG13391K2JB56KOIE7GMI48H 25 29
2G75G0BD49G399FG7A0029194G08C7 17 3469604757984A8397423277625A83 11 33
GA8109HC0C2IIAIB269DB7DIE17F0H 19 01068084533A36083496332528216A 11 21
HPRE7K728JCNCFBCGBQP16LM8E9H7K 28 L34F731B1FN49L8M25DNFMJ1AI52AF 24 3
M53FDUHPBTNAQN7LWVCDJLFIBH35J0 33 133669A046A3541204015352672356 11 30
233A0E211G3E5H970B3HE36F574H40 18 222133310101311012002201111310 4 33
110001010000011001001001111000 2 KSNCBV8LJPKB2TCKDF2H3IOEK3ULL7 33 28
305240075376713162215886077465 9 II1B5LMMKG7FCBI23JOO8IL4NBE1D4 25 20
6354B039A791594523264BBB11A683 12 021400314111310230021030224031 5 33
23C78038QAO75BCNK6AGUMQSMU5TDI 34 D3CFICQEDN1C62PBUATN80SIB8ADFE 31 21
CC91415C7CAB7B243E1D35DB2794D6 15 032578893420957617061682516648 10 20
A6F0CC473CH34FJ5K7BGKF06H8H3AH 21 3JH5168DRMI31BNEINDIBNDBN4CPOO 28 11
SKMYQEEU3QY24E2525XWD5XSEI83GC 35 201211000200101222201111101221 3 13
100222210010102122221201011002 3 C35D4810H5E1BBFDHAEF2EI93C4GGI 19 29
OMR8UH5EMUJNWD6C2QI9P5IRKUTR5I 34 000111000110001011111000111110 2 12
110100111010111000001001100101 2 GIKI55GL3GDFMCM36H8E5JLB851KC6 24 9
877269505558517640551005888228 11 616196ADA3F7FA2C39A9E04D284B0D 16 33
OI3OE8DJQ9GM62N1AM0E07G077ONQ3 27 4D6ID3MHKEGJOHLC95FE429N4OHCDP 26 22
A07C70GD441A602EIEF19G42FDA344 19 000005031013415123132545503552 6 26
B6027EB7DI82G157919C3892H39843 19 Q3HODFIH548C30294RUI6K3I4K8OVP 35 30
231201302101011212122100003230 4 AMIGI74ACEALHQ1QPFO7IQ2ABIKQQB 27 10
MD9D2LBH39569DPB1D1N12HENQI54Q 27 RSJBN1866SDADPGSPGL6QP7Q8RRK99 30 10
2DG2DG3E4B40EH3F24I3JK82BDDICJ 21 03C37648B0341B1C563182A073CA77 13 2
2R2ROF1S293TH9S9J7TLT071MKD22Q 30 EGD5DM1NMOO2MHKA98JFNI5AJ1G927 25 35
0368HC544A437457HEA2HBGCD14GG5 18 518180480866535522801657440556 9 14
EMCQ30656UB9P29BEC65CTD91GF3E0 31 230232131113132233232133003100 4 3
LW0HR79QC8H2JQGTA20I8A255QP9RJ 34 9A2HO9AO9JJNHAJ5LEN012B63K636N 25 32
H748I7A5AEN7IIDHI2ERQRMNQPJE92 28 74C8EB6311E68A61E6980A533B95A5 15 14
30671238934A894A541083881967A3 11 8GGMGMDAFJM9C9I89B778OK166G227 25 10
JF9H9D95VFHV7VJC9OM0TF099ENDNM 32 470344587627725481763288007758 9 7
GE7BEHGB5B4EBB0H861CEH6C5D415A 18 244219IAH1AJ9J4HG954EIEBF7F681 20 9
212011020200012102202001210102 3 I38GDHFFE221I52E529H2C627D9F90 19 6
L20GG827GI3O4N0P0AC1L4K7M2EIB6 26 CE78B78DJF88HD7C490J78G9B034J6 21 29
D1KCD1ON7RGILLSDU0F30M2R35N8RE 34 RE2O6LCOO850SCP12GCPG43QG27D9A 29 14
LUEA2EOUYFHVL43WYMOE6PKWVGHBIP 36 LJFE52EO106LABB7IKM20QIH7MJJJJ 29 36
8287984A7762603AB7BB67732AA6BB 12 000244011045532512304104366413 7 4
6C42D693866DC64B67BCBA5B25400A 14 0K4CC4N998H57OA99J1K432DGLFL5A 25 8
23HBHJOI78P63HJ63ALJCPPD9C1D8D 26 TCO44BRJ9HPTGO7UV6P1956781KOCE 32 23
1E5B988AJ9H758I1F914I68B92HF82 20 WXD84AWNXHQIHDMD43PWNTKPFJ9J6E 35 6
6HKFK2NMIGMP37531BLP0M5DB19NGG 26 103442010220042404142142121441 5 11
440610672355300155314233622170 8 B0C20B02C93242AC619AA728003850 14 13
113250001235053013155552335311 6 QOG9592TIP8QM17KEST0MAIGLTRGM3 33 31
LJAFFMAF7KJF2B9HAHMGLCEG32609A 23 7C9420AGDBGBG259694ECC976B051A 17 36
B5HEXTBIL4H5TKIS8CEJ7C1MHAFI37 34 232300004411411103304043014302 5 36
D5246G7CBEA1FJ0F72IIH1L1D41IA7 22 0G0ED8431B9CCB77B06A62E976305A 17 30
110211011002012311110022223002 4 N6QEH598LHHJGCP4AJ3DKMPDM8KBMA 29 24
525244466045197A475A9536929461 11 51CBE99A075E52604D45634B243E8D 15 36
303353050102112514440152005311 6 M68JPQRKQN045FFM1AJGRRODBXXRS4 35 28
D0B15G72EDC8B0HD3ED22200FGDA70 18 686800143342107780152626673272 9 14
510023531254021521214512511503 6 PA136QM9IM19GFL54H6L8J4N7KM3LM 28 11
APUWNE96EUF0MO8DG9S328FPUG0BJK 34 354AB00497C18C88A3C72C48846836 13 31
3KBIE870EQQ7NCABCALEF3IG2C71KP 28 4QF9I4F8R5C625D6A0ABMPNK9G050M 28 17
R0A9SMPWBJ1CC9GK49LM4VB0L9AR3R 33 DDP3MJDGKKFF9C1JM8MBMA8I5EAC4E 26 23
KC2IANEJ6GIM944J5KJBAI0NGN8L11 24 M05DMF8M5M4547L0IFHJIB9OQJ1HBB 29 25
BDCO59MIJL0UH2NDH6SL7CH91QFPO3 31 336955456277705370814486320833 10 14
G045IEBVXNJU1T37MTMW2KFUQLF486 34 8E1C8PFIU38GXKHAH0GPIV7LCSFHI3 36 20
432514105251113243200202015535 6 13HDDFG5G5G045GH70HG6560H78E31 18 7
E3LNG1J74K7DON6EAA61E9K1IEF6AI 26 G3DID2I98ED620C11227BEJ54C7C90 20 18
A416A8A40360D8DCA36B888D04D015 14 100111111000011011000100001111 2 29
3H4PM7K9BPKWNTIKH12S5843OJW54G 33 3G15DF8341910GB81429GF8I90A5CB 19 33
HE9V3D0O9BFHGG67I35AG8BNUH1V70 35 A81C80A5C35305328016DC14BC3C62 14 23
20505B7A4A2889059861B8A0814845 12 524400423121240414240014354344 6 4
A8C55A5D64996A917832752AD66C57 14 413966B23145432039A7B1051A80B1 14 13
MEAX860A1DLTSHC8JXDUHWBK1AQHXX 35 333121021023132330320123321113 4 9
36PB06LMN11L48NA1BP083G6MD01CC 26 114364322245436115360466005651 7 15
VQTMPIRJEJF82NFRFCNENDD7R0OJ8S 32 I87HF7HL5DI3OJSB2JIHG71ENFMNDC 29 30
001101110010001120221212111211 3 O1J3UL9GW45HLAJ8HVTKITUIJH8E6G 33 20
E444CMMM9C445LD8156CG94IGGAADM 24 FAC2DLE0T8KOKDLTQFTE67OB8561L3 31 23
6IKIHB59H644BGM29FJCD8GI7CO1IE 26 4B1EE0G9A1GD06G11AGAFC0AAH1B89 18 3
01ED2CI6BGJC1JGI53J5IFEE38H679 20 52942548A25F0494JJ92106C824DC9 20 18
J1J54HN2G4DE6C6MD68D7O1DG661L8 25 CTLVGE2RCTQUNUV7OPSJBIT6O5NIVF 32 23
011100110110011011101101111110 2 001010101101111001111011001111 2 4
8BIO805L0DD6H3N2BM66OMDN23B8IL 27 XQW9COIXB8H2KICIQRSLL8XF1KK0XI 34 25
703600140514081450403202036742 9 8BS87PFH7AL5QQCGS4RN8O9VW5XTOT 34 18
112201210021012102021002122220 3 313331443330035332205552025551 6 30
1695942538B98D359673E8CA3E2D68 15 312111101211332031031103030131 4 7
70580KCJH4008J6GAD6KE5698CHFC2 21 E498J0E9B9L7M2CA8FAEGKK0AAMA38 24 11
UG8GLCJI71377VQLV683T384WKDCMD 34 49685A4125AA43262B592699A524B1 12 23
G9G30C78889DB9FDDA86EB0DHF3AFF 18 JFKFM2PQI841ML09AFMHBFJQGI4F8N 27 6
G8PV1DJA0EB30J9M3GU7C9JKD628G3 32 1A94527BC55A324778379A400321DD 14 29
3A5596D8639C094BD43C07184A7A71 14 JBI4I186D561IPOGCCD8OHM12NH9OJ 28 5
7851BA5CE59F426D9EBE1D4BD071F4 16 464634253604103343476011010207 8 27
952308693808998573332138272818 10 H9NBUFAM76D0ADL00DTMST9RHW2WLM 33 13
421119B222I9FFJDF87D6C1E28C846 21 5CC3CB5B252BB580B8C94170AC863A 13 13
A4310B2B551477AA836897225B1B12 12 KAQ17B5FR71I0BQPK46E06CNI3Q56H 28 27
533245225004253155154325515412 6 B08PQR7I98QQ4DM6H8LMR7N9Q4A6ON 28 14
JFBEHL285J9E8A7J39734F8EG4K2I3 22 3AGG1417511DFF3FG3DG6B563B8EGF 17 7
78GJ51CCEJF8OF6GB523A4F58KC3ML 25 020020020011100001202110021101 3 23
7DSAPJAM3FQDFJ9DCROQLORFBJQ1A0 29 GJC08F87IA8H7IJ742CI8JIH4E6192 20 26
222021103021330020203232112220 4 302214412223333300334331234031 5 4
828EF8I36T6CC7HEO5Q5TNMBCC5DEE 30 B1HNJI62OKG1BHMBC2I1DAI23FNIM5 26 9
9HHAF4G4ABB29CD21GFEEDEDE20536 18 302144312231120430320031410232 5 12
B9A3766A2A860452AB626B57118255 12 415754855663215792850777422421 10 22
021121000200101012220200010012 3 J7VGGNT61WG24NV42R9UC3ABQV51W7 34 13
231434034021213220033421113224 5 223132212120130320013131023233 4 26
B519068E9C5A9CA180963F45FA55BC 16 967460699248138995562325801994 10 21
200122221111101121120221110021 3 857DJ5K4R9A1498RM8BF32PGHCWW9N 33 22
942HIE4K8CELJ825JBI4GDFF9DGGLD 22 KG6IKB5H5A7IHG1DLFH4JH6F1735I2 22 16
NC3EAD45IN490DEJ501FK8HF9IE73J 24 203103012213010022021101123211 4 14
ZZ5IWAL353CZCI1X8CY2UUDK5VQEY1 36 423624015470064087251387611746 9 33
156541031225553325321032243554 7 412405353313424441032550503420 6 11
680272420700326953209363179888 10 B0BBA4584484190715430ABB2B8722 12 21
2D533I74912I847F131D1HGE0B58G4 19 NDEEG1FAG76O07HQA7CCN8M1QH2IID 28 10
0393490C5E6A6F7D36770AF407B395 16 C6C851HJ4708A82AIH9450IDE7471B 20 20
GIDDHGHA90129E6I5DC8368HDC66C7 20 206505553240260206132150612054 7 11
B952QM63FK9F5BMJ6CNK9BBL9KMI4M 28 950B7FH85519A9533EGB13DC398F23 18 21
929216A319A2BA25C53C345AB47A72 14 0E5YIEFJ80QH22PVOX6KCM70CTJ5AK 35 6
133023222022130310130122030101 4 637443160322147564174041763514 8 33
59IDL6509FPKGCHJ35EG49O0AB1EOB 26 011021211200102212120101112011 3 14
E71F600B977J7CDEAFF9D5E6C4FD14 21 212120211022202100100102022201 3 11
E2MS3BGFBX7TWT5BVQ895QL0YNKXEK 36 6BGHF34C7988CA02KH7D4JAC2E6I06 21 24
C8CL83M8A373BFOHD116050JDIA7MI 25 2DM383C4K2I2I80FC8D6A0426JKGMI 23 36
PXIB2A2AFUFMUA0PYB5RT8UP9B1J7C 35 CRL9ML0C1G3C9A330H36ONK29ACPKG 28 13
5B055J1IFK3GGB3GI67G705HFJFKC9 21 0G1F9G4GB0C501C83GE11113G63B98 17 2
64IPM2AGNNI23D0F5MMOJFD4185FO4 26 33393C83B974A2487253548C8051C9 13 26
GAH36FAE693E3BF1D1D6445BAED140 18 640351522061254141355424361634 7 9
5NMS1CKUBGSWK0S0BUI8V0NUAYNYP4 36 K359HC827EI6BALJH85HI82L9G1C02 22 13
CMR20A0KHJK8MKGP1860PB92AOQQ5H 28 HGC57E3I6CMNFLD8KMABGDM1F49861 24 18
200121122100200211110121000002 3 VRNO164OCFM1U09GVKRQIH2I4AN0L8 33 22
917408A14A50A69375354A2564A936 11 365472320450676340120033657411 8 18
122210033323321302003211312110 4 68787G6EFE08EC7450D7AFCA047D8F 17 32
34OPXDJQY5GKQURZSHGIJSE7664LPR 36 60A06265607A21839032474A149577 11 12
AF42EG0D7JH6303HHH9D067E99I2K2 21 300213113103012203023300222110 4 15
1A9532139791100143246016815269 11 MCL0G1D4FLNG1ALB0GC99NG0AJ1H6D 24 36
6PD3L0B46Q769FIH6JDKH292HD8N1H 28 UNX1N540MCLDRU0S28VW4TLS54WM0B 34 20
A17BEIEG01H88IIEJB7H5A3E1K2AA9 21 KFB314L4956F726GFH532E7A20I2KI 22 24
152061564610556002350365261024 7 433015532464164346156112631206 7 12
HUP7U8B5M1EOLHGIJNIHSRGN250FOQ 31 M74460K2ATS8EDRLEMJJ8P21TIEIQG 30 18
840KKH39446G882EK1B4K8E05AD78A 23 2BKNCKSJFF725C0K0SDR3TUQGFEDEL 32 5
2D88149C6B26A82690E767C7DE98A5 15 169570CC62B15BA7759B2253965305 13 27
111111111000010011001011011101 2 546C1C5B38844B0809145A46636151 13 11
000210202121001111001211001110 3 033020013322331213000000311122 4 27
202101222102122102201221100121 3 OC9EGC3FFD3O31TL8J6HOLLE8UJTM5 31 21
FAO7ARN4KBLVEZVMW6ZMWJ919NQJ5U 36 30267980694E86C89B4D22A89BB84C 15 2
LE9S1SHOM01FI5H3K93D3QAQMTMDDR 30 101301110000133101131213322213 4 6
Q1L7557S66UR18UGN3SWWTR4YS157A 35 MT4CWMDUU2H8NBRMBUB9176DIU24A0 33 32
870397034929239768074032470738 10 224LIFOO4PHF8L16EE9KC1M33LJGF0 27 3
64A477A23A604C534C55A501194259 13 7830940BA27076268CDA7088391C27 14 16
9345B0817806A18C62DBD1D894A895 14 6AD4EED355E70DB94B8C17993C1ED1 15 25
GR1Y5XCE9A7J9CQXUKCLN9IM9KQMA9 35 ULQR35TT3S575HLHP5UCB717J4UAM9 31 17
OJR5TR0CUXS5A40BJCN2IHPGC5Q8ME 36 9C61AF35L69MC6AFMDJC9HI7E5G9MB 23 30
225333265655203631446000622323 7 201100010002002010001011122102 3 15
0C2BEBH27EBD7A7739AH3D9F9B1D16 19 GBF8PO7F4N51I2OLD0CIQ4BQIF1OHD 28 33
06700E91C10JBA6AF0I0B86CIH83HG 20 455558022355670708575546883312 9 12
8DBGA45E0B39A5DEJ142FI1DFK601I 21 601547504662716340200671042066 8 14
BED66717E24C6C6AC51E986345BC68 15 0B079G27ED57J3DHGC60888E248E8D 20 3
0893J5K672343EAEFH5IH349740G0D 21 354B13A557661B9B585747ABB74909 12 10
79B727402304320227190618869025 12 8O3AA7M6M662K5NFFKBBF8PBDOBFBM 28 9
101000111100101110101111011010 2 C8HD7EH55210EAA7GF7C3CG7155421 18 3
8AQ11LFNT432B919RGH34DT0LJGQIB 31 7DA058259G01G9092C1IHCGF3A4E87 19 7
421257181674671656276193398382 10 B727368547B86189710223BA265322 13 13
7E937DGD425F94FH2EAA3AECA638E4 18 JQ85ME6P61QFBKNPMDO5D975REEK5J 29 26
521126188448668563585267175484 9 9ALIGUBTK5CPBTKRIIM9QDNQ1UQK4U 31 11
FH525CI672GAIG9E435F1DEEH75D2F 19 772431303306567048570512383201 9 10
010110011111110100100111111110 2 9754D1CEE8D76CBC57416D00539A64 16 18
730605606151273520230554755616 8 5GHCB4H8ADH5A4EDC153077AC9I9H5 19 19
M1VTJTQ3NQ39T9CL9B1HORPIXSU7U6 34 011001111210201021222022120022 3 6
AF3H77HBJ69F52EFJ5J833CI9AF7I8 20 CMM76K7TKAG53UG6C0QTWPHDT1S4SO 33 8
CC60DECAC0C85A741DFC7DF61DB918 16 E74EC79FE512E976DF9AF3385777CD 16 24
BC8D0EO4F48ENKDE7A8DGNM8F0707O 25 8B172924A253B241626944140AA0A7 12 11
B4BD328CBA5717JE4CC6HE5I4BAGDA 21 117834359459415232340729584021 10 28
8FE7G08AA594GGA7038GEG30GHC3A5 18 EFDEB5B7C84LLK30A29HIMB438DD91 23 29
JA5BOPPDKGCI85KLH1E2D2B1OP1JCC 26 223032003103011011322311130101 4 13
IU7H2RCL2WDXBUIBVLE9UCLV6N2R67 36 675859196095992949078508112879 10 5
K2H8930660FHEKD436FKJI1004JB16 21 301213332321222020031032203001 4 5
424635410146420347056745661017 8 04A427563B91593B63465A8A72BA54 12 34
6LCBLLE24JEK2LB1A2907L0FD90I3G 23 B54246663791C42063D6443333CC34 14 34
223224235412642543631534001662 7 079537A2682AA58502578A7A232551 11 29
024404500441250413210513400212 6 5L7D7F1F7N2J07AGMBG14D05ILM3C3 25 17
A5F508I4E847E21B86891368DD61D8 19 111100000011000001010100010010 2 19
202100102001222021121211020102 3 2781206D90BAB0C5CC41B37C61B219 14 5
777505634241764372401574616006 8 83840656B3941B4C40894621802225 13 23
100441014404332240224421433010 5 8798E01416228F4BGBB3EI3BI18632 19 16
9T168BGC41TOI878JJ4DA3NSPQP14C 30 IO571KGSG8ORHEH0TDKLK3IP87QT72 30 33
TF00TUPFCKBS7APWA1FMKVPTU4GS8W 33 36A9H2B0I8G3FDKFLCO879IO930L82 25 17
7KECLF464LGK49HBLOMALFD3Q1DBC1 28 4D6H25KG9M7LAIPHJHN58GM8690HE5 27 31
0618269DDA872D7AAC718958455870 15 578071608582721863732613660848 9 20
417442650500426140761436357612 8 4GG1EJ01C576A7CI5356B98GB65I51 20 34
JD03B65L1M9A102KHD3M1ILI6J6290 24 6882929531341357477159A51416A5 11 12
38BMKF0A29FIUR0BUKE8AJ2DOAJL3P 31 23J487NE9XD7CAKVJIIXKAXXKF6UD3 35 24
F17DDDF5953C47E2F649CC32672804 18 5KS587C44ICM7C8BFO6AIBOMS7BALL 29 20
B0K5L8IGLK76C4GKH3GD6L92FH9LED 22 1RH6T9KN07RJB2EJL5GNSQ1O0JAECT 30 5
JDVOULDWGARL1U10R7N6HQEQ9NTIWQ 34 101651215265015616022260065113 7 4
010011110011100001110010110100 2 5AE28OPUKDPR2DRQPHU5G79K0NW8UE 35 35
AI9KJA17JJKE2KNJ3DOOL3JM56HJ9O 25 E1B16D1E1DAA60782BBB603E152ACA 15 3
OUP86VEIF854QN2V1FL81B89JVR9UW 33 1907800B5CFFFF8AEA2D1CEF149D77 16 18
O3F85JCEM6CK1O7KA5A8C1478P9K98 26 S8NV7RWN8O9V6OI8F2B5WNIMDVDLQB 33 20
6LM23EFO2LL4JMLHEPH3JELL6A7N0P 26 CD56GHC674G0C512I2B2IDEHF356A2 20 14
79D1B096769A943555E05C94AC6D3A 16 7A95136A86A66556A054123A2037A8 11 25
86GC128C67F173AC04G892CCD15933 17 XDB8AQ869U3F3NBA8LB4K1134A4KP0 34 6
NCB31IDN6I0HL22LGLHN7CL3MCJK5G 24 KMB4K1D9KI0H7DO6CH9429F72EJDAF 26 25
GKH95H16D8KL7CKJJKCAJ2F59F4B0J 22 42A1083022908293A15361959849A3 11 31
0GUA687LCVDJGRD2GJBVJ5K9TC1MGW 33 91BM7LN9NQCNNGO7F4C18AF981OPMJ 27 32
A32419274AA97866B72658B7382209 12 313302104201434224223043403430 5 24
O17OE23C61OHCCQ48B482R1RO5TOF6 30 C003BFG174J1842CC0846CE3BLK23G 25 23
B49508A5E3BDA69AB936A8E4B44C6D 15 335035403530025424320541442253 6 4
BB17711C229A766579C77535927834 14 1D7BH4D526HDAJA26EA14FCF91F744 20 36
B82U71FONJK100N4JKORJ5UADS5L91 31 M5H7JS117VA64N2UPV5CDF0BML0LQ9 35 14
59Q08MNC74M3YI6N889SNCYU6JI932 35 19097132143131A370920255548886 11 26
134756356035641503060452454563 8 EV6KM7MTU2VRVN1525QVNBCAAL2QR6 32 3
LC7K3E81H7G5CL0B613B6H92807F4I 23 154A8177AA26950162571021983356 11 25
C1GE83E7C6DCB30E54E7A984E54246 17 62FM1CL668KIHECC371BO099142AA5 25 22
4734A62499817615214910168A0694 11 F2HE1M52CLF00D1C96P6GOBN8L3693 26 27
8FAB350B0C7BD454783AF80185C833 16 232121201200321000333202113300 4 30
26FBDICCLDOC29BQP751G2OB2QQDI2 29 0J7OHDO5GBCM7KJC3L79A7LEDCG2DJ 26 31
M6O6J6I0DF3NAI3706A9G99QCRRJHE 28 1BAL3EHH8LJ9E99L48G1EAKDKCIM97 23 23
011020203320201131301100113030 4 6763C770EFAA8H5I9GBDFCIBH7CI75 19 16
36019A2A77168A975A0A40AA646272 12 C379F9B08B0AC408401DAF19CB30F3 16 26
332130003201212300112221210110 4 7LUSVJS85EEFRD2JE62V1KCLR62FB5 32 32
125575723306733505670257226341 8 F0583C4993ED6140A4A14CC2628CEB 17 20
120242004001023203300432430130 5 GO6IOD7D6VV0VHM8JREAMGCRV3DP18 32 3
HO4794PKLL0384D3L85Q47HL3DM64K 27 43RLJN8765IR5N2B99LORM4JMETLQU 31 6
305524402212335211345521215535 6 08JJM07F1G5J13AEBF0GJC0OG8L2DM 25 14
S0MIJ73G98PD8FR4LN85P2HPC793NQ 29 313434212102000331321343233040 5 21
211011121220200012100110121001 3 SDNM3NPAGR9643A75TE08B0T74EG51 30 11
V43P6W54GR21A2773V39Q6CFTC1LLO 33 7HHODBFAD56BEE51CAL88536GHK983 26 2
H35KG2FJBAG13274H1E6J5961G9KBJ 22 FN7OBDGBE5ID26I06E2CJ9DJ6I89E8 25 27
LA88HDRQMCA11QB2PG5SD3L9P83PC1 29 2BAA16C29B03725C1B846648C6929C 13 7
321806203482170513674333608000 9 H91L7KM0O8BDEKCKCBCF84B8EFHB3E 25 19
1GC15B204DEE617F12BDG290567I5D 19 H2QQ3MJ2CADOD22JKKD0F52OG6106C 27 16
102222221012122221101220120010 3 L0L8FC43NOS3OFS3GTWI0SR6PPJ3MS 35 7
DQ6G07ON20AM6OOBM2KF26IB55M0KQ 27 R8O4N0E2ILM1148FCDHR0M2LJOE2HJ 28 26
69859C0A7D001A9768190B8D318D10 14 2C5ED1G38GC3CE0F2CF4C56163ECEC 17 4
053153025335414404223305543333 6 506340724743575232402054070346 8 21
111043520310544140515114035143 6 PI87NIC12IFO2K18L358M3NHO2APDI 26 30
544071142254676162165403543602 8 000021121220101222201222201121 3 15
073991A4209060341686555A299000 11 218409870329365271133551725702 10 11
835985481857277563481154190535 10 FIG09FIBJ0DDF6H88G86068BD97IJI 20 27
139275451823716850430539909473 10 545404956465875983205971020158 10 3
7C0FTSTN4PNQK7AOEBPDBOB2OCR79C 30 010110011001000110101111011110 2 21
781817393209251071B0848B126160 12 D5I2482KJI4L31KCLCACL60MHDGG3F 24 34
002222202011100101200212010100 3 U63M6KQFRJKHK8OCU8SS53RDERMTF2 31 7
9E2MOA0O29JINEDL0B5NIMNDEPBQL4 27 L1NB0PED4R51NA6FRH4701916R9KIA 29 7
442738052718584832758923802132 10 L52PRCA79AFHUPFQBAK9T74VTVUWLH 34 32
32B5080275B7447110B08556146440 12 LQOYL5H44MJ973KV5A13N1IIQOUCD7 35 30
8LP7TEAKQ1SM7KDEMCOPQSSP3G3P1E 30 2098E5DC0C4082555474134126ABB5 15 15
1K996F8B8RB4IEDLMD8Q4LRQ3QR623 28 86K1M2498E42L1LIJJ9E9OHNF861NM 25 7
368315495381626336909741270891 10 4I224J0PEENJM3L3GCCDL4JL56CJPM 27 7
351011642061644264045165464612 7 E6C00B84C3BE891E880ED126966509 15 33
HG08CD1315156A85B77CD1A5F443DD 19 DCYFIYT4E1KMB51N283V6R2ZFKUINY 36 6
RH7P3L4L68N5DUG0D3UB4Q72CHDMLQ 31 2IZ22OEBVGVLX02MLUHV69YK48Y00Q 36 22
FE4H24D47FKBL6H8C2IK7JNIGCJBDO 25 42B173520838AB23316B456B457B49 12 3
67FLMJL9GACE14K8E2A0E985BM6FB7 23 5DEDFLL968HL23J2F078LJ4BAGE1H5 22 26
31002100AA62141655129874037A14 11 BM0BI5ANI49AM0DKALA8IN7474CC1B 24 23
EEIC7EI8O81JJSOT8L46LC06OEDFA9 30 011111110001000001100011010000 2 14
D0AMI6S4G9NHML6BNGHIOCC8JCFQMJ 29 3EU5I196Q4O034FJ2KOAGCBEQ3FSP5 31 4
002045243603112096898050560202 10 C7PJVRP75LXDWTY2J1SKKXBGAHUAV3 36 2
232233120202320323001013200113 4 DG508868C671DG10F24B88661F09E2 17 9
KMAAG2D4DCBSBDFKA5CDDMNP9E44QL 29 80CF69DBGA4HAIAF3FH816B51600I5 19 5
31A57BKDDABF6GI1B16K98I5CB2803 23 KD5N045O4NBFD55B5JOO3NK5OMOPFU 33 34
66A8A059B92CA5403151942566D869 14 228B070B6B87092079BB2026500B04 13 33
DJL92S5RB4JA14UALL643UT1SPLN94 32 000000000010010000001011000111 2 5
441003316344424033322656623116 7 93904A377A06A5442755987A62715A 11 25
5C9334708AB97F07508BGGD8353F72 18 EC6AD7DH1335IEE5K9FH8K5F5BC0J9 21 20
2085A6A1843563346A672A64337A84 11 0ALJ7MIKFMDMK13KKGJEMJA84M89M7 23 30
M29IL975B2K96LJHMBBLON88KM2P2L 26 FPFRPHSCR2JS11646DOMSS3ERSBO02 29 12
NPV2CR80PKN5LUK03KEV1DM9LGRJ6F 34 010000011110011000101000000110 2 36
LD9JEARKCQGCC0AFQQ5C1EICBP2TPO 30 9ULWH19O8S44B5RWUONRUN8KPUAQVP 36 19
GD8728AFGB3350FDD365464CD8A72F 17 461414320112245623341610341401 7 16
9661A1B380B710898A5554B9923B73 14 18369810707802B742093718693907 12 20
48960845608156A7A948899763A721 11 K29D1ABR5Q8MD263N06I62NIO8PJ9R 30 26
Q5CM4TI8VRPQD69DW1E363NQ1PRWKM 33 THB7JX9VMSU0VJETBIBMVFKTSGX9UA 34 19
A5214C749C3732C1A68078AB90487A 13 9N12DQG2KBB9OBJEF7OBCENK32H4E2 28 14
AGGNECA5MMAKKCDBCJJL1D34AKO55N 25 0032408BBA3079D986B6704B4B1C6B 14 22
032311200223221103323300003323 4 209928406795410988724619055574 10 12
733799744977043980699491386745 10 NMKNQ0DPFMR47QPE7E7I3P0RCFE5MR 28 28
WVMDMI5IF4EGGTUTNNJUSF6EIQ5QEN 35 XM0SPBIA7F1PGM6UZGOOIZOWW9G2DF 36 35
446350342604610254151141053155 7 L73AI3AHSKO88HAR7R6ME86DIPT29C 31 33
400132214304221130212314233222 5 243C4H20D5G38H3E3F8008D38986AE 18 27
0C2CE3G34CFHEC1BG54IDH5464IFFC 19 H3NR6MRO01QHHEL873KKENN9O7K3Q1 28 7
101111111000010101101101011100 2 221031321320033022120200102202 4 7
CPFSLK3NEBKPD6KI6BHMN49AGJN6OR 29 3EC0E5G7D961DB4F00F90788A4G9E8 18 8
523511132410543040144123023321 6 C0F3662F64F85C7F36DD98B095B94D 18 15
6PKONA6KHBCBH4RC8N6H86FR9BR98C 28 F48KQ16E7IGLBP3G5GEHJJCQ6KA7TN 30 20
74IFI982AE36C132HHH1C0D6CFEH89 19 002021221012102210211100002021 3 17
2479010D47E8BA728BAG6G9F0F37C2 18 NBSGSQ5KHLTWEN147W3ECN9TKWD31D 33 21
MGIMP57NR1IQ96DT8G0MP674M0FS2G 30 554101552151112100220025413203 6 20
Q16NF6D32H0HURPFUMIALHAMJ9EAUL 31 011101110101001111111000011111 2 13
479B9674B036A9AA7A15A441838402 12 DC4430B4F8AF4B7BBAM04C24215F98 23 24
7X3X2MJWEU5ESJWHB1Q70KTZ3IX0OG 36 84OD5J7H7QDBADHEIVO7DN9FEQ8J6T 35 10
778551277462137650647410406267 9 EMSEI4F85SO6483J0M2OLAALKDO7NG 30 26
7EFA8C5859DFC1B73E617E99B5CDED 16 411412441201234122321044013121 5 3
D815QLALH4DREQN0EAMTC3JD4GD3DT 30 994SHK3LK05K20BQFP2G5BOOAK61H3 30 6
737016456586877686820365067128 9 EH3465G3E1FGC46B3G9E1FDEH38F78 19 25
3ADK1J6GELBA7BF51EHG6HFKJF3J00 22 K0FH7E43BHECEL7LDJKLF45666IBHC 22 28
3D64773D6FD1380621JIG7234AJED0 20 5936D413E7B26967703FDD716F7BBE 17 25
JEC1681JM4H2CF54AI03CH3IEFJH62 23 60A4CB0Z319XTOMFYV6JOJX6MYCRRW 36 14
E26TREJT7HX1DNAHCSUTVK0CB51LQW 34 815986A77BB2BB78531628206B4A7B 12 13
504107264107503601644212503733 8 DE0K00BI6EJGE9E0C898HKJF9CJ5FK 21 7
151846380664302102010037054878 9 30DH75EB4763DABB76H0HEIAE9CCEB 19 22
E80CABE7064281F4AA50G2E2G5EBAE 17 S2RR6JI8P0488FH11RK8CA29PPGDCK 33 7
D29K87H9G8I8BKC8JPFCMFHNB61F0O 26 401414221034453535203415001552 6 16
231230102112022232000321132131 4 HOM9RT3MRTS34DTMMEB9HSBHQFN2E0 30 14
FBHL573B1GE8JG7EK8621830LHIB82 22 9C1ADBB2817452706B9D910AD55434 14 7
E7933018EE1C439E931DCE047022D1 15 2G9D8DG7DHE7C8551E3IGJ63I770B7 20 20
335016368515821648515147568506 9 552223620311202656004451245560 7 2
49IU8SR95BV1SFGV3I9IHEE21N37SR 32 04F3573LI218HAE89IA1761B9DA0DC 22 7
120321424133014010423120004214 5 621590309032638933614A664369AA 11 9
8886DGI65IL40OH8B12DBJHKNI5498 25 313A36522A90503B5IEB05622H3B91 20 32
KXKVVBOHSDEET24R4P0P4NG68BZF8W 36 9C0SNGDAVG5MJ56ENQ5UL8PQ91FLMV 32 29
QV9CNHKRARL1QP0XXNXMTXI5F1FSLT 34 9703575A30223B95BB7A96839B8417 12 22
130367556423321333563262236637 8 530345045534223240432535513425 6 23
9D7BA1B2C63DCE16E9C6C86DA20691 15 F8EF7CKN3OAMH5O2ND8MIH7KI4799N 25 2
MUPVNMKED4K1F18VUHRCNLRPP6CLHI 32 AE7BB719GB477A72AD068A0942F9GG 17 27
112099824543661108297313A45495 11 5FRWOVOOUXWURGW3O8IS8P55WRESCF 35 36
R7SOP4IOOS3GT8B5XM7ENEEAO8E8JU 34 162523152371254815066421822137 9 8
2LM15MAS4OOFQ7170OJB7CB36FCIT6 30 012530373762039129290239081164 10 10
846A5GC3D2D5904C865G4B1FCFFB7A 17 A4C5F50GFDB4E9041GCC3EDBCE1EBC 17 5
186H00GA0G9E9094DF41II53A33AAA 19 223253021051402220500455330321 6 26
000000111100111000110111110100 2 LJ8FR294M11EO7KNAKPOP7QJCPBHGQ 30 36
011111011011000000010011111000 2 0A117G4G98EF24FF619D61FC7DBE22 17 7
KLA4MM22M101G97BLIOL9747LFG9M2 25 G79BM4O442DANBQ56H4388EBH54KEK 27 25
PLRG0OL2I91P8F71FMGAF2GF06E0EI 29 LL52GHM0KEV9FJYJHVTMZCILC4NZXJ 36 17
336161732720555560651563666016 8 NHM7LP3QH35I2O0CAONCPBQ1JK00C9 27 20
C18660922AC5085741B029B9B2B68A 13 46879AB312107A4574035566AA81B9 12 10
PTH9IBKUTY94GNPWUN0VQ5WN7YYWOM 35 A19000A4B39875698BAA3846630644 12 36
20487E481124022AB86E49EC656269 15 U20N31DP8978R19HQ7I39P3I7NOJ27 31 7
543764674644352360262551032221 8 122022021200222021121100010010 3 6
150435A39118555543199365043648 11 738305949704543983644316186553 10 32
GGB50DA96AA5D6EB2673E6H6617026 18 G46AA6G130F2G033BGCA833DCB0970 17 13
GDH5H01IR70FH32KEIUFELF26RO7NS 31 E0PNL1LPPGFJK2W903D1JJDUVWE1TC 33 34
9368809G44046F789D33493G3F7A5F 17 47PJO8O7C6GEI64504HCI13B69F1O4 26 35
TA49T5O2G96A56D6024W8V6UD3QKCS 33 E6116E3470CD57B26E86111D25C046 15 4
888CB2277BC63BC6BE08077A268590 15 IFNACFBLD9AAJHKDLH48FN74MFKLAL 24 13
2DA84B0AA44A36055E9979D5BE88BB 15 AB46146C5EB7E64A322C370BC66B09 15 18
232222202130221011223000130233 4 HF2ABO40JL5SNWU9VLL4SU7WHVJ15M 33 6
YR1FVEOHQTHGD15MGHS6S24G52H73O 35 104516061151122503544063604416 7 23
838799558862968459791517669363 10 4BC2ROK3J1I8M37HJ43DGIIRNRMEH3 29 30
A9B994C8C7BA9BA6ABCB623D726029 14 TI083K2EQC3E68A4QSA88FL6GK38K0 32 12
5L3BSX27RDPFMGBIR5LPS10FJFFLTG 35 310176204431464474464124616374 8 7
4B9A88AD130C097DE82D23678E9C33 15 010122331111003022212001221313 4 4
08F61C9BEEF940A582CF9E4BBC3400 16 79G258440025GA1B14977G85D7GDB5 18 24
D92945FG99GCC2088G21HBE2FD2CBE 18 024556233794702958327871843135 10 35
99OHJB6J78C8E9JN00FFI381GF8M9O 26 E9LH207QEBNLM8RI44JQ35L0ORKPOC 29 14
QQ8ONHK74KMN3OPBGLE1IC9G3MQMAA 27 112220122210202111102102022200 3 23
323330230301312001101030020323 4 151570355994470103901444605473 10 18
EP4C6AL5I55FP911I2410O478CFF92 26 I6BSIP7D60BDB26YLHCIAYK4485DG2 35 3
GFLU6HOK2M3CDKPFJG1E4E7GFTV307 32 3DBDE4CBBE09C61A5C0901D1CBF6C1 16 32
386456236740834662115625067626 9 SDEKN9DJIKII30CG5414MF447M5A5G 29 35
7A477263EC7E9DD6G6G94688C36B70 17 88FE4G55I7G2K784KBD28HFABIIE55 21 33
012102001210111120221120220201 3 E82II8G40CGCGEA8GAD05I8C275002 19 11
3ML9AOAIACKPEAM9NDI9R01KC0KAD6 28 2110A759654306AA5304477A941A83 11 12
9A0666A15217783A123A251171408A 11 FF9A94C162FDE65908E82D91BA9632 16 32
49C1937465JJFMJC599KB184FEDCMI 23 JJP83IKRNRCK6I27HD23O80SSUR5ES 31 17
F82GD3I4F2L439FO8B3GBHHMGKAEMB 25 54BI9C6005CHB31IHFHA29FJBDGG05 20 6
7E0GH4C6O08065LOK5INJ21H60KQ2N 27 11AB2502AA92347449655B75A1845B 12 26
K12A1AMBJ8NPJFMR00JPG4CEE9M3H3 29 4C1AA0FA83LBNP9IKJ56Q367GE0432 28 25
100176606B35A0A35848A2B0802AB4 12 NGQPLQ45I1AO5I8G6H7P820OBQCN5I 28 2
003036511748387748756424863663 9 E1GE9E7ECGD90EI6E8E4CD89531AC9 20 11
6E4N6K4JDR2B335R29KP8RQGHOAME6 29 CIMBKMBKJGCK9NSR14IAUD1B1OGNGT 32 5
CM4QTQJUTAEPDF49SLBCO34LF5A94P 31 R67TMF249G0U7YBPL0AYKJLNMMSLNG 36 12
C7GDAA1AEFHD75HG300G27DE2CD00G 18 DFC33996C5905E6C7D86D8C371323F 16 25
454CBADGBEGEF1C7I78BHEDFJBH908 22 020002002203313131031003011312 4 31
A22D54470C4913BC2CC441707557A6 14 M22N7IUSRNGT9CDW6DPKWLWIIJFKTE 34 32
51A110BGBGAE7377FHABED5D5BG0AE 18 ITCI3S9121I88D3R296GP3Q5TRKII6 30 35
H2W3HRXUSOVH4VANGPUY912M5OQIC8 35 47B33541626C3D904687A8C4C2301C 14 14
9299B0891A1077148BB3AA008C2B3B 13 6DK0M1DPO8OU1CGKH41065ISFG4HBJ 32 33
406521420761316477536827038240 9 7GDE83D8C3C1EHC158133A7A7FAEA8 18 26
359432145941161116740893531431 10 3CI215525673B7I02JFK5CJAF28JK5 22 4
870G4B9H4E9781G579A0BB4JKF5G0A 21 JP24EFDKT36W87VDO357SFNV4DAQAH 35 27
795023739608330895724225561700 10 5A747641454A054952082733362922 11 20
3BOLE4LOOOLAL917MALA9F6BCIO5AK 26 D7G5AF9EDB6BJ7CMFAB5E9EB6KJBNJ 24 21
IIA8EKQS4J33N1II85WUJVERNOR74B 33 111101101011111100101011101000 2 17
A9BSMN9IT54JGTC0IDCISKEI0LOL8E 30 4TN3MKMVFBIC6IP027LFDKVHUF1TJG 33 19
F62W44CVT2D5QL5KTKQ2V28IEUAUDU 33 530C6A3731AA9B077BC67AA8E18418 15 7
95BA946187875B66083004AB4560B5 12 9IF4EJ084DH7F87FLDBDL01DKHJ5A7 22 36
EICLB8CK59BI1AJAJ99A93405BKK7K 22 0GI471K98D60DNIK4G9EJJ58NKC368 24 30
464016421652515223654041103652 7 4442A524130228A62A8185A61A1211 11 24
300032302113000131121110121223 4 CC687C516931822A2D2A0D4392BC27 14 31
816838537213082671548358808513 9 H7029C8C759470DJHI5H81E8405BE1 20 3
2CBFC4F057E989F5E2EDG3F56GCE7B 17 60U63GDG1726KCBA5KEP4455FGA82G 32 17
BBIGD4UEHLLPR36QONP1W7WP1TE98I 35 120815044187103981189930716138 10 13
231124225123104351511556205016 7 H78185C3160GEAB20BGAF2E67E7473 18 35
111000011010011010110001101011 2 8E5JLBU6KHASG19ID1GIBRDANGH2QM 32 16
LJP4AM40QB041DQPI30F6ED7H7F7MR 28 020022121202221202011112222200 3 24
9CDGE4F86118931B3949BACBA45G32 17 KHBH9KHJ059GKJ504D5960IG4IKJJJ 21 12
A4K95308B0G0IG32088658F2EG5GF1 22 URXXCJWVD5ELQNPU6D56WTOETVUI27 34 11
ECQFD77HM00P62KL75J08LCOE5L90Q 27 2298C25E316DCA486C88C9A50551D4 15 17
0A3A8APCJ0LKNJDEGHPIFAACDF61E5 26 EAENI759F76AOR8LF1IQNA3BMJ2484 29 12
BBBGC59E9756I6F6D34BI169H4138A 21 7B2875B40860B17AC138B57C09CB38 13 7
423042243552242410255501142305 6 8917HGF869H0655163BD7IFB90AL0G 22 12
110010011000110101011110001110 2 LAD8QMQ3K4HPKRD42ER2DNDR2E15C0 28 29
072BB67378B686B968525B089A2836 12 250241210111135500410006215534 7 10
R70P2E605Q18P6MEGLKD8IJFMMF72I 31 FD991KG1O3EE9K5M9N85O4CF328BID 25 31
J6G8V0G80IKUIRK2OAWVORARK6PCHO 33 KG15YR2VQHPVVUPJ7SZU9YR48DNVKS 36 8
430204234302323223434341431024 5 9A0633A842E3A565BA9730410D2005 15 14
G1F94AJBFD9B6KK5754HGLL676EH02 23 366020066940125610351322784664 10 12
0K491D38BCB87B9BE32F1H4C8G3711 21 IT6JBD13YVB0JX9E7FNQM1SINCPUX6 35 5
312313311110132303012302312132 4 BB06C557EG104DGFF5CH3G64F191A9 19 2
5GCA1EJH20D0DLC82FCI7309BJAJ71 22 4043270075220233A53A9192800269 11 30
JZ2EO0VYIZ98Q0EILNCGNY4C7MQ2U5 36 I56APEOQ0F0HILKBC5L3JA3416NEB1 27 27
GLIAL9K3564HCCQ95FI8N2HDKP9IGD 30 011111000110011010110010111100 2 16
304203133321234030314111144404 5 B53BD3CIJ9DJD2B8EI1G532J0HL110 22 10
BGMI0GIR5QQ6FGSTPBC1GH1ERBLBIB 32 052512522043514243044730575221 8 24
GGA3E7EDH5F8438DHA1699BB9B8847 18 BCH69D2693A78020EEEC452A8D99E0 18 32
02258416751A3B4C650D33356113C5 14 GF86GICH7625D96D9BD4G9EEF6415I 19 23
9M5K9B56AHH362E9195I9JH2L61JKF 23 811300561514357354634180503042 9 28
9COIM432MHMIWJXHMB62QUMVCDL3XE 34 043500323305152512044105440005 6 5
7H99XTWESM7I9W0OEOCX13O50G10HJ 35 QMMMXUFFUY736KFDPHTDNUIQ4T0RXW 35 16
8D4I9AA81G8H0JG5I6D571J3DMIJKC 26 I44EEAGHNAK5KK7HIKO16ALHFOEMNM 26 31
60913981037A5A6B39DB535306DA10 14 032210210003002202203021011010 4 9
IFMGBMOSG3Q9S9SAE7OBJ8L1BDFG2E 29 C4E9FE989891283807E2746245HAE6 19 25
003301011021211312002300020222 4 D2OAG7C376QPG7PHO7H6D3A90FFQ2G 29 12
2D21C5B21446577C8547489007570D 14 6B3662014020B6621174A012089735 12 30
AA8IGG50GKDF3I4M7L5DAL0BBILAKH 23 4658B12A501CA8845189A0203BB515 13 31
ICA4IN8M3CGF6JG08M2JMAH57AGP2P 26 H835DI9CBECP3K7O8HPD0QF5FKCB2I 27 26
810004507045125865248628562744 9 8LBIIGL855DG1AFAELJ1KGD1A7IG9G 23 15
O34B5BOP95JBQO5AOGFHF952QHIGK4 27 803965038618620886876069316551 10 31
CD2E06D82C1H26DG62G6A59A6G9984 18 375A68809334B0A86B53509A803988 13 19
5EE4E14020C525A7B2A68444539D89 16 423030344114010014331012342432 5 19
C8CA9I5I2EFF06JIH25K25IE2FI84A 21 054222154415554055402533541452 6 16
E949170261QR8S2JS1EMIDOS6TAT9D 30 A9D3BB46D4FEFF9F327984HA5A697A 18 21
560042221003206630335546544300 7 83B9067B2C26B30097B8ABC0B8B730 13 14
L3E1J69COI1E95JGMN8L8E7K956B9H 26 31A9AB7FE0C5GD367BDEGEEEAG8D02 18 35
03812150752BA910389956A7499B62 12 3B865759C1573A961957C60A3605A5 13 24
8OHDDELG89N2LDF31CO5H3360HD96C 26 732030A40910489492359705BA4834 13 31
BJE853FI8CJ86F4D7H1469546B3EAF 20 K82SGLDEHNTGCOQO0E586EQ0P265I4 30 28
0DB036AD8A93025B66C0C576549282 14 RB4NS55BEF1HRJMO936E3FB37J7GKI 29 5
6D72137B418CCD465CC26B371058D9 14 DL3E5OHIG8PKIB9KQIHN45CC4LJOMK 27 30
5A844996410856965915A52993AB72 12 032012102212122000221222121013 4 18
293459487848296760629143221439 10 86LR0ROE1CORP880N2MBQF1KHR4BCV 33 24
574A7B3139B06580779819C0053903 13 RXL9TV5UH4HKBHOQL3PRJSQF6AV4WN 35 13
304012615304630136504626035105 7 66569A816A269410324164382451A2 11 34
4533EFBD4219EF76FA35CB8D2775C8 16 012100231131303203000102320113 4 32
GK1020M38AP9FMKM9LDQJDDMLHNS5I 30 P5S40UU6U87UBG2GPK4FI20ER2QFC7 31 11
022493856732617513048828417195 11 D1HE3GAE8HA6585A79CED749CAB470 18 27
232211001200302112112322020222 4 656A77JFC4E14D9JF8E4HHKKGK6FHB 21 4
025303235377224773620610104731 8 BD61A1AA557814C590ABBDC18237DD 14 20
OLMKBQ0PLIFK090HP9JJE9EBQQ24QS 30 CMA3FK707FJ4L1243L357D0HK5DAAH 25 30
HD87K5F7JG82CIEEI2BD95I6IHHBAK 21 B24C8B07962A72065BF1E23C66HAD3 18 20
88H2JQ4DQD0L8B15N7OK5RPITHH8JC 30 8J6QBNE6FFMDQQK0PQEQL2BOK46CMK 27 8
32J337JA4DE7BH5IJJHJD5JB9B20J2 20 B6L2HE2IJ9KAHJ81393EKCI90CE090 23 30
1G5ILGHDEG0LM7CDEL4A9FIMBENG5I 24 112012010212210122000222000222 3 22
BE9HJ47MEM885K9FL73L4M1C453I5R 28 NYYJU8O383615KOZAS8ZPLY0MZHKGW 36 8
HEGJBA9KFVG4QU8D2GTC9GN5V7UCCL 34 5B4B5658BB9B3936B8B6353008A236 13 5
2JE30I36BL8059L8E3EJC0KGF678FG 22 HV7HKKD5RONH705SIX3ZBWW3HYXS1M 36 8
F45822D3H42BA6134C6GAF6GHIEI93 19 4B976AD7A7DD61521834164DBCCB65 14 12
9F7JMGCI059ENFMO5BLC3115JOAFBM 26 10401H50177AAB0BGD36F1B89AC714 18 18
BM7EI7A5H0B1345GBDDQCBE42DPIDH 27 GO39574B7JALHP1B7PQI75DOA412RB 28 2
JXF16GQPLWJEQQ9US4UMSTPU9U0RB7 35 8AB190B9879356803962245647B7AA 12 2
554255210340233214133512325050 6 668459D358DB3D658E8862A7DD9135 15 28
4L1AJK5015I15KH1GJ31J780F9JD6L 23 0383D976524151C8402882194EDD78 15 4
410468465926382169506423614921 10 859160566EF511065A8A6BDA222698 16 35
2SG3CK5SOWAIAJXONH982VD7HIBOCQ 34 010100011201001021200000120002 3 27
162173135260131353364463303670 8 842120083102630458410880630840 9 28
1N2CLHLI0GH3FFPFBFKCMND2894EMD 28 188625320863853474170245720682 10 31
NKE4P1KN6HIA2J1MLA4151JQK4LH49 27 041120773373773511114674353710 8 4
9MJC05242MOLHHCBHBFMAIM4GIC2OI 25 EDJG9MKUKTART7WMXTCV7GP3FNXURG 35 17
B1DRITXLMIQSPO7HL91N1G1KV33YUW 36 CCD16B5653DD187A1CBC082688D159 14 31
XW2F9E0EQRN651VFW072BAJBD9N2PT 34 VN9VMNFOES6EA1PO3F75SRVP7E53D5 32 12
G43EECD6E153FEG50E9HGDJKL5092L 22 K1A9PQ521DIHBDGG92C5A5NBK3EFJ9 27 7
350350325762361572635715545555 8 QO8KCQD6QBD8DGM71V4BB68MF9S76E 32 31
5908A47213A8B889B61951809312A0 12 122011200202001120210222100121 3 24
0EAK42428E3BECG36IDG6KJ88J5E98 21 530112452454515305211535000024 6 22
98AC3HD05H03H7F682G5A8A97A30IA 19 QW37R4BMUNFHW9JEUQ3HVIIJJ3IOS1 33 35
TQJAN9TSJ7AJIIQ52CT9MNBSF0QA8C 31 BA1B00B3B10258BA6335409688996B 12 19
18IN0N6NHH84D56K8NBH2LFC2CK5L8 28 JB62304C38JJLE82FKL7LC92B1LECA 22 11
000101001001101001011100101101 2 75E5B771B57BE67A2EB3D4846657CB 15 15
AACD6609305GBC338881D6EC05E639 17 F9EB3JGGBA60CLKCHKDHJ2BC3GE4BA 23 18
MVS8TMBSNP6J4LULI9D2CE99NNIDBP 33 B6RQOO173JMA170M3BF5R17R53FPC3 29 35
OPGAP92C9H43HPCQFNQ728BDQKLI5K 27 154363125748723347311054885777 9 17
6QOLQ5NG43LD1JJ8CCOQJ91QFQI4CP 27 6CPK4KK0N9M6K33152D84BQ5AON49P 27 36
5N031GA89JAGDCJGLNDGB076A92BM7 24 323131232323330313301300101103 4 30
B94AH6G7J42DI495I4F530G7M1GHK4 23 HK2A42GP5LJP51LPG3SMBPLM6IJSO3 29 21
397B13191354239B57479A441A462A 12 A131C5B4F6G181G251B00FF9828213 17 21
101303100113310222003112301130 4 OSNYEB7JX7KZP512Z6ER8XL9MV6RUP 36 28
2SWOK4I0BH3QDV0BF45WA42U0PJJ0W 35 451062604246405303443115511632 7 18
60PAR6F8ADHIHCS6GLD27JPM7HFFGP 29 353626481116113142554736478587 9 17
ESDN9RFABAB3L5ND08F12JRNOO6EOC 30 173EHCM9NI38IH5LFK1Q4J2KDKLNCJ 29 24
512450535034240400335144122211 6 9EEL3HDAGK4LGBIL6EDF9314JE39D5 23 25
15H46J13EHA2CJHBI83J6JC7CBH7I4 20 B8F5K0H288D3E22B467JCECBDAH7CJ 21 32
DK35G9O99RKMSFD6S3PDKH85HPR6O2 31 63F7E7442C5DB88B6D43161077037F 16 22
11IINBA87M07NM15GGDH5QA5469ECC 27 6B044A62CB852B657285C0310B7C0A 13 31
27395I28F4DD872A8B19F46EG9FH63 19 BFGF0LHK39DDDI289ENA82NJ94E6C9 24 30
103203554314301601462365442045 7 CGC35N9JR66LIDHEPJF01JDI8ALO8A 29 33
426513321104313526641421312601 7 005030200612326095229384012130 10 29
0ICKBJID0668GIE778887872H0JDA7 22 246428C9DD0E98D89315462783B764 15 34
5A63CHOK61Q193N64KE7PM4AMGI4NK 28 8A780B8AA79CDA14DDD23D8B8ED94E 15 18
HACEG437J2EDC2AD95AA6E8DC0HHBG 20 011010111010001011111101100001 2 35
BA6AE17658C39BB6959402D64E8493 16 NUFKUFUWBDQPUQ3OS3TPO55PBLROW5 34 27
J5018207A4E72JEI170JF5EE4GJDKA 21 122013320323130020211012010311 4 5
001331031233420132304231324013 5 124385625124B0A15A84208251A168 12 18
269L47E0H8AF2D17C65CK4BJ80M5F9 23 220120001211200010221220210202 3 18
G0A1E2377AIE34A3BBG7GEI7CD0095 19 21HBD64CJO04E0QJH6EJ1H55O881NJ 28 34
PF310O681D25O870898EHFMAK1RRJH 29 5IH69IMDJ73LJIJGGFCLGCF6HFJH97 23 26
EDFE670F1712F7GC162116AA768D7G 19 0D159GDAG2HHI69CH7JFI7C0EE23H2 20 5
80A78221A649922DBCE7240B3D6365 16 VWAPJQ8R8CVV4K43RRP6GBIHI8D1SR 33 31
1426682B393835797238BB56509187 12 I066F4E6ICBAA233D0I584133I24IC 19 19
422141442001401214233434312222 5 XVUJ6S2BLSCDZSNNA46KF7AAXOLYM7 36 33
B48S64MHSRIJCRLBCFO0MIHB1B23B8 29 523221211415104435112215502211 6 24
F1A6DG2E8A8D4E1386189A646CE085 17 H3A0G87DGAEA0IG8B8F94A5FD51438 19 19
9B7634408B710450909B4B8B78B9B7 12 100606466266510143122415402324 7 17
C38QHD2B5AAGBNGO5C8E4RPOA4GDRG 28 8E87G46DD2G8CD16JI3EFF202G8494 20 26
4X8AMOGNIGV8BIW2K3PH0XP47VQJMX 35 11IB79D3D6712015AGFD5ACF49GCG7 19 15
32528417B3B7BA554017B08576B7B3 12 2JG7B0BGBAL81F604D1IKC9L555G08 22 8
AITC1COP069JVQ2MAQG0FIOJAJFIKK 32 100111011000000111111000110111 2 35
110000100100011100001011000001 2 EPK00E8NQVYLBCW2QYMOYU9F83UJ76 36 16
DP0EE9KO9OB28A480L9JP1KE1C392N 26 E8XRFHUX93KMWCVJ73JCSHKK6J7C3P 35 13
E09C8H35J9HKK80FB5IB31GE524894 21 HJDPOCBBRIB1JMO3KCMKKECIOPQI5P 28 24
0K0EHMHJKABIC03EJH1B40FKJAM7H6 27 401150726677341471041334343173 8 14
7JQ1BPT6UR1U0F2G47OPUV2RIFLW26 33 BKG8HN3GM2P8I4KIHA8KF46JMKMI32 28 29
OULKMN19DDEVJAJVRDO8MVM7T23HKR 32 6R9G4H5QSK1QLRUTJI4BANQ98K2M1M 31 18
347143476517404142113304472675 8 130042155312402152232352245505 6 18
0JHBBD979G9PG14E8I1I370G335B5H 26 4D9N6L2IE7MKI7EL4NDEL4IGPFFCSL 29 36
H8PJP49MCA32OPQGO8H5G2P09J8I3G 27 57737921A381C803B8497159045589 13 33
C9071B61637A9B9A91C23272C05209 13 366641265320563676447406176046 8 15
021022321011032202101213312003 4 072465636321117607606584118610 9 33
DH74202BFB6E72C9497209EEG805F3 18 D98NO27IGD2KO5L12AJF3M33C7F0IB 25 27
212166164032503430445253204560 7 245612160326423433504512300101 7 14
102211331014100422113024133102 5 132322123031322223213203122323 4 20
041560421126366462045611416430 7 B8ZL2DT3NW2SHW65KZTAWP4JTBQK2D 36 28
9MJ2ETQ2937K4LP3MUE24ULDGME6MO 31 OO8G49ML8E64338G9HLJ4CNMFGHEA3 25 26
393GN90B1I0LB0FABDE3M322I0DNRI 28 OQSKP5YCCCIE97NHJFQNBOBW7XQ7S9 36 27
210100221120233022200320020312 4 7D7N4RABKC3AHVNICUTG9PTQ99FLOE 33 34
DAQDGF24OI90TSIUOE16MCVWEQBLGD 33 8871B13A2632C80A2265248377596A 13 7
659D14F76EK3H130HJL0A5KL0E9F75 23 B4F971AC8C5E6EE555EF5EE602C94E 16 24
960CH71IB4G30E949826FHH405H5CA 22 081271A974A04930381569A8037868 11 32
021111221200121021201000100222 3 B07B987102289505449B7A98281827 13 12
BCCA5BD6IDF0DHF9EGBG5HFFFD37A2 20 244053125351242054141165063304 7 21
VU4RL513JPKPHGCXAJQALK01C9V4BO 34 35AJFMC2DOJDI6EFE75549H2O1CG76 26 29
C4AJCEA7GCH5DH61H3DHA20DC24G90 20 169A3719476418902A91882497A124 11 11
E527CX46LA4GVDESL16W094MTGPU0I 35 256601543055361662560461620560 7 23
17S560M4AB69LN3TONFHIOLHR969TR 31 131536455342235056046433034312 7 34
5DC5804D2DB84361C75D1AA5C0D7B9 14 100110011110011101110100001011 2 27
KDPOLK8HRR8A45RGHMR7HECHBFOFE4 28 451981A96A8297175A896179530A51 11 22
7E8265EDE93805D3ADD9D1E73962DE 15 433604276224562701444201017513 8 27
EQBILHC50NFJTND8B2NQMTNIJO6TTA 30 3ARDOO1DUBA5O97826EDU3OMVQ4EGM 32 10
509B6116C7BD676BC8897454A78EAA 15 244654513661210321163160003105 7 10
1VF9E5UURC4LD7H86UT580Q3V4P0RH 33 210333122043022323113433324223 5 22
GIGFG5707EFC4C64DGF77332IGK1FH 22 L6DW852BE1G8W5W623HQWB93O3YTL4 35 6
103331112322221001322222103231 4 1I3HN3I5CFDH65I1JFIF2EQHPJ49EI 27 22
A6RBFK3RK7PHJPDENQQL61KCHDOJLR 30 200110110122011202122020220000 3 30
102112111111121010102212011020 3 66A62730I031I92DC06D793FC6DGB3 19 12
HSDFBFFCRRA0ESKLUPQE7OVFE6I8U0 32 981102955705326399676634087729 10 21
J3EOBP5SA066IC1O05UEER2N4P78C1 32 P9TRUN3D2PU3WE7PPH5P54FLM6G44S 36 8
818MCBOH1EN3K8076LO0FBG3BACJMB 25 A32A76689C1C069992C99436027095 13 13
600CAAA8AA16BC4509723D7D5A7118 14 6Y66JXVOI9UMD5Q8MWEQNGV9I4S7XK 36 11
C0EJE4C7LGH6FL7A709DGF365J4CB5 23 052828641063A876A168B449138156 12 29
CKP52J5IM8LC4AFR1RA6ORKIKD90K9 28 H3PKVJVH8YGF2UH4RNC2WYGBLS6D5S 36 2
SA37MLCR1VVSHKGKNKTF4RXGUL5QEG 35 5OPRE9IDF820QHRS8AE3MJC7GEBRCI 30 34
2MFJMB96BL2OCFM9OF5HCDPF4HJCML 26 03589222793817A349410271A92A59 11 33
002787422661200346287225066770 9 IJNIJ1AGL45DC950B06G8DJIIP4N4H 28 2
111102122221010121120020001110 3 NPGITMF7BJ7243NEH745TDEO8AFEHA 30 8
411345535366050004145243205641 7 201221222021111120222222221222 3 5
234564366456645215311213156043 7 MP8HTDJDQQNVS75FHC3FCH18CA24A3 32 31
312215325515423461400215132233 7 19014359721645632313989470886A 11 23
AAC41252CI0HH066KEHB85F18JEJG2 21 000110101110000100101011010110 2 18
4IADLA9H9ILBK1L7AHKG60FLHNE8P0 28 JA7D3CI8M097E5CB8I0BD45H7F1MDM 24 9
TW4EJ20FMWH4PR1A4R4RSW3JBGWVGO 35 102110101111012110201121211022 3 29
AB2NH8ID64B8MFIB29A43P5DCH5NJG 26 1CAE77AU37J7HQF0LDSFL0D5J3WWN8 35 6
3Q8GAD0T5N035YC2SXW6R0S69F2866 35 111100011010000001100011111101 2 16
HJH3IEB587EHBKK7G26BEIK2L88K7B 22 A0B1D89D3E7453B41E2C77BAD2A4AE 15 18
9D8861C0A45K5KCC0KJMDHB4E8JEH8 23 011001110101001001111101010001 2 16
316615504200201615126564535220 7 88FS7XQ073B2DGT03UCAD0WS3OS0KQ 35 22
957895532941363938614727134403 10 FDG8063B1DDACE4D67CB232DD74B1A 17 18
8HBD8MAKM241C9BC6I2C026B19D9JA 23 C8BDC2923934032006C0BC3D334061 14 31
4ANE9FDKO0N273DMNJLC48DIJ0M4P7 27 UBM5ST0E8NRD6LAV2D1654JFJBPJQ2 32 32
JBUVMPC7SS78NST9R0ZAAAIY7Q6IR1 36 70331A7AA8A9441093890181888590 11 5
UVMAPA44MBOIU9P7T1AMMGHNP081HG 33 0C104D61F66AFF78ECC5GF15CAC5ED 18 12
N08NA8G363J0ECI1LNNIF307HBK8NA 24 0KFK96DICTL7NGG94H6089HJN0E8SA 30 33
144313533005050250225055404542 6 7T2744KCFL039RE4E75JFDCR8THP67 30 5
011101100111010000110101101000 2 33112A67017AB3281855560B485143 12 28
8G8F51H67493115G32LGNEE43B64E9 24 KQO2W9EUK93NOKED739LR17BRMNBDG 33 16
2C6586BBFEBHB115GHF6HCG144FG8H 18 K7CL9G7R1IARQ0COKTCB5ESMAP2MB8 32 9
E8G7HL1K9QRMSDIGTJ2SD3LH42RFL4 30 MQGK424SEVJPKA2BVA841O66BB68DD 32 26
KS6D1IO0K44HVE43NNB0L6V49F57TS 32 JE8FLJ751H2I4ADF9IGGJ69JC6JL8H 22 23
6A94AFF317DA6351582EC2552BFF80 17 FQ8UQP1TJ26NKL1TSG8HL3476L9CGC 33 12
B7D9A6CL6B4IQDCA0QBKQ690HD3Q86 27 416497878971880547628604306655 10 4
1E53OO60EG48E3OS4JKOE8CFIML91H 29 B591B32A962240582A8A59C958A439 13 11
5A4GNM89H5F77B7JHAAPQGD9PEDMMR 29 44939AICC30KEKHQF7396KLGAL7QCF 27 8
07475B897C9610BC03DA478D345609 14 HTFPCQGNH7JDU5HP4QLMVFBB8QEB4I 32 14
FFBUQ4V328QLDFT91N315A1SM31VSN 33 760767BB4D3C07CD81CD4ED5984DBE 15 32
NB7X5D4FSSNOOKCHCIZEFVEAZCHFVC 36 52I4K1IL2HMFNI888FFOGHR6EQOK8A 28 18
JKG16DKN32KVLQBO4M7DB3CUR65PMN 34 91570179EDD8E434D0E97D29DE658A 15 20
12D9H2732DF7EB49G4GDAA11G2H42B 18 D624811G20C7E569I23E9839ICEI5G 19 11
ML9LD2LFKIDMEIMDF8A12B1CELGC71 23 402A5323510928502CBA5B62164881 13 30
03B1489C921119474980A294B23BC2 13 J4D4D39D3HG685I37MCJNA7AI400MA 24 17
DKIB7K4336BH54J0FHGA82CH1HF947 21 MLG85U6HHEEEFJ6125P0275BHOTN8R 32 30
8GD214D6KFE47966292JCECADDKI53 21 0DGDKF76DO5K4Q10F9APQE4ALJION7 28 24
221010020010220122120112120021 3 01C391C93D0802624E2AA7E401680D 15 30
3987293A115354469A465629663836 11 9A0D4H0I8B40947693FHCA94431055 19 11
D2AB720GH0432C5I86252G9CB8H35H 19 JDM96QBB0JFBFRMQ9OLPQ9JJP949Q4 28 21
90A647795899276259281236176913 11 D8H4MFA4KARFS5775YLQ47J5548GY1 35 9
B4CBCEG9C5GHF6A1BI1794E3C4E7C8 19 E8363F60F6C06B104884GEG91B3959 17 13
LE838LJCDMBEBAMDH1FFHN4HGKI0L6 25 515C38C18D134C4HD7D37EG08FGB86 18 14
516174853061084818157435088060 9 030333103102422320102421114441 5 13
413325024301606244013130541051 7 LNEK8AHB28IJEI6J4003555E79JI6M 24 13
A35E094335B410DGF0FHDHC88C1A08 18 C2F7EB818E399C2G609J0CBHJ0B0GF 20 26
G498C36FC6C075245555D9G884A2GE 17 7174658706J525EG3BFF374931AE2E 20 12
001111001011001010111101010110 2 2A0CA2B77488AA5A7775A82A6188A6 13 31
DCQU8N4D1M3PA1T1DJ2FIHCLLNAND3 31 12E138E2EC976E26E88372A3235A1B 15 35
97895567111509592657551A5A6314 11 A3NDJKAK908FIK8FNL7478IG702KD6 24 35
JLI2BMME5GLCMA7FLHEH67A7EE4ID7 24 G96F3P865HB0O6Q0BPCBK9O554JN6H 32 23
232112467402400173241730012336 8 365BHDJB90500AC11EI7G1K40IFJA8 22 18
243220100552013254104315110141 6 D15A1170BB143B03277A846C190646 14 27
HC73DFE09HAI84DE9AAKH9F1B6E9DK 21 72628455756026E405038AE3D3E3C3 15 11
021154444523355010223050434320 6 102IF62EM1161IOI3N1D7D4L72B949 26 30
6563D13G47IMEJ2EDBF7A3N175MD76 25 3U7MKGI6CCMUIDSFAJP8JKF9JI5TF0 31 19
B9F70FB764249617CE1FD705840301 16 FH93E07E857AEEBHB8G642F7HCAF5D 19 23
PJOA43E1810ITN1KFT5Q6HRHMFJJJ5 32 DDA4F1AIT6RH46JPF3B3JSF4P47KH8 31 13
D682GG28JH4JE3J98J6H0E7BG9E300 21 M2H7ML0LMD50KM37BCFHMPONEOBD31 26 17
A20C1823133CB403384A4B754CDBAC 14 34E1502E5461D2AA00A125DGF6G87E 17 23
200211022111000211000222010120 3 TNK08QK78FIAENKI8OS4V0FSA109OM 33 19
FIK7FC02618DIF0EM0JNJ0EF2MCB1M 24 4LJFK9GL6T5PJRPP4ILEB230IESSMG 33 29
BSQDQUC5OBPARFS4MAHNY7IVKIG2LU 36 I36198ECE4J728C56BBM22CBK62E18 23 13
304330401234143300333023121224 5 GA1NR2MR94EINPN6CEB6Q82HGKCBK0 28 8
8EDDLMQNEAQKR1CE9CBFRCK073IA3G 29 011010101110001000011101100000 2 36
5A7260D55340B6BA34C920D80C0986 14 HKIHFF7CE9590732A57DFAKKBAA3I2 21 30
331011131211143101211324113440 5 A89HBH6KC0LGOK4MJP2DKEK2LN1GDF 28 30
E62IF62342F872FH432B63B2GCGEFH 19 IAIQDBEPDYVPK1MB7NG4JFT4UAK0KH 35 19
130304512512416006150416654036 7 L9LV3RTHK5HT2TGJ4UXCA4ADWFFEKH 35 22
JC1KDIJKG4891GH58E5HFCB81HH261 21 2307474AA87830102819571616190A 11 35
281CH2L1B1L9DF98BMS56RG64C6U5Q 32 82F4FDEF214CA2D8F9C808542F0EEF 16 11
P6FC4LA0DBG5KKPH61AK4CJLC5MO1N 26 32UH7RBNCW9PBJ8F81KULDL8OO07M7 34 25
JJB1A2A3H33D3DA9G1AGA5I4BCG0GB 20 1CAOWF6Q3DDV7VCDLIVF9F77NAXQGI 35 14
0EC5944D8666820G9B55G7CD0BG3A9 17 BACG69JKME7470H6G83DO7FCCN0502 26 5
1BB089BCB65B496E6776E1EB93423B 15 7CBAHS15C5V2T24LUENH4IBAIFLVND 32 17
1Q1K0I1M477UJBDCBBQPAGSN1ELHTB 32 WWO1NN0AFP47Y70U3JNFGXQL2H13UH 36 20
DC4AOBHU9G40OD93O6R67F0U3CU8AB 36 C4V9U3KE23Q6C8M2DK3EJA9CW77UQE 34 24
B0712B8C1876106CB04A851D8BC944 14 J3AH27F4PI89KH0NCPJBG2AQ5C6BEH 28 35
JOUVRLONQ9L8NLBTD9EUPSVMAJVIIL 32 KWF9N04OK9MTS4D2N7W3RJ05E49B5N 33 36
44J3S752J0LCRM0X6RV5MPD1OQMROQ 34 01EHH5I0H8935CH68C6404581GEJCE 20 13
YY5PFIVLYAMQKU5C0D0OUGDRWY5DTE 36 6E5DG450JJ51HJIG3892BAHCD0I9B5 20 25
95958BAB6F584BA462E818182D8C2E 16 616770330883614081855175457882 10 20
K009622BGC8A7187EGA404G94KII8B 23 6AB4E3361D190672G09B6A93D5DEFE 17 11
255663686072402074564886338037 9 FDE8CCF030C4BA6C7EEF55C4576B07 16 25
9NHIEQ3D1FO558QBK4CAPI75RB3KKH 28 243850190670596027904756630678 11 4
233132011203123202211232223133 4 112233311013102130001230301032 4 34
C641D11D736D04556B8BA1038DD211 14 G9PS4KUVF5AIB83I8ACAJT8EVNFNF9 34 6
011011110000011100011111011110 2 303206031515523052402241610021 7 14
90A8AA3060A88861798501A710A114 11 032123211210013101022121202210 4 12
20853A1EA03A902BG0CE0B5EDC4506 18 IGQHHMOK6GD5H70OM2LMDQKKQOBDHG 29 18
FK96KJ4FAIBI604A1MJ1B9JGMFIJL6 23 B8F9716A96752FEC555378C0DD9DDA 16 35
CIKLJPM7GLK4FA7TQI7OGA1GCM9H6W 34 92BEUS8GN48GFXKQJA7TYE9I33ECMG 36 23
200306301044250152025200662240 7 J6CG2HJ094I18F605G16E794G25646 20 3
101101001000000100101000111110 2 0NG8GMDI6DC6059QDE18G5O3GOK3I1 28 31
5HA610C5DEA42E074B6AE497550DH7 19 HC5OUNBAE7R72I1N9T6B6098EEIB21 31 15
5D8BI239FHFH09I5K7CI7J3H484B4K 21 X29AOUGXVI8ELBZBYS6F2Z2CI9HM48 36 16
7D74DC2854E11CE862B58C061ADC30 16 SD3SF657L92JE68GJ6JSC60SGCNE7G 29 20
N6FOGMT4R2M7Z7Z8EDWPLT059WWBU2 36 111000001000111111101010000100 2 7
H8L1MME72BDR11IS66DELBQQJGSGHB 30 R3L5GA768ATJTFMOA37ON1G7AK7S1A 31 11
D0IGA3H4CE7ECGB54BH5HB7C936JDB 20 UCK3BLMK1NSULSRNE5HQ39GT02L5I0 31 8
568K5J5JD02AH91D4FCBAKL627D287 22 L9DKL9MMCM9JDQD0CJD1D5FO3GK060 29 24
20A306AF8C7DJLE675DFD2FI2AAEID 23 9DG00OQHBH1D6JU65Q27TL805S0C7O 31 2
