7875 5741
2170 1111
5161 741
1540 1088
878 344
4573 2889
9954 2799
4655 248
9392 5970
6110 4646
24 12
7068 3121
5855 3979
5234 401
88 57
6257 3554
6115 2386
8950 8306
8324 2701
5144 1997
2388 185
4076 3488
3675 3259
1568 673
8653 6123
7042 3818
7584 4173
4972 2025
9831 9355
28 22
2405 245
4502 670
9532 9520
4120 923
5827 2893
1786 1294
8133 449
2792 241
6722 6497
3991 2175
1247 975
6003 4346
2243 868
259 119
8757 3776
225 120
8105 4533
7892 1191
8661 7286
8480 2402
2771 2124
4873 1532
2055 1111
6465 1218
9784 8659
2687 1438
8422 3816
6852 6101
6358 492
1169 772
4414 1128
6761 4621
5303 1455
3959 2751
5677 699
3688 3100
8079 7363
6100 2259
546 123
731 597
4615 2906
8299 1618
1067 795
3759 2051
1707 425
8110 4618
9547 6400
9444 1938
7096 2213
2970 1718
2628 1374
5661 3711
6813 4678
2406 705
8038 7205
7907 1054
7595 5736
5851 678
9714 4420
351 156
2491 2273
4026 296
8210 5402
4780 3564
7276 184
7385 3873
8204 1251
5319 16
3840 3455
7182 4858
4315 3248
2195 1018
9503 9376
8738 1184
3727 888
634 238
5675 575
7160 3180
7786 7534
6311 2625
5845 5831
7770 3475
9668 9633
8581 8017
7762 4486
4466 2700
3293 2828
5953 3705
1771 856
1697 1509
7830 148
4330 2669
3930 3773
6688 2294
2928 1674
2480 1103
5592 191
4443 3860
9212 1595
8350 2042
1731 1171
6348 975
9018 8851
7452 3812
8834 5046
2997 1070
7966 4208
354 349
7838 7512
602 566
9691 597
2363 1373
5170 1373
9870 7425
4050 2338
3075 2679
3196 2757
3676 3343
1206 32
7174 6081
4041 2649
2111 1000
5709 5286
661 465
3504 172
7290 7032
1007 953
789 114
1739 1692
2884 326
3759 3527
1322 192
3509 2511
9251 4741
9874 4386
8509 4740
5471 3741
295 209
2196 1543
9451 5256
3474 1663
1455 669
8389 5665
8993 4338
8158 4333
8912 4849
7334 6656
1711 1104
5420 2728
7502 5380
617 112
808 462
6577 3544
86 55
9885 2925
8898 8634
6969 2216
7538 2872
9394 2859
9608 3818
8436 2087
4552 3720
2424 890
736 206
1183 358
2174 1591
5577 1640
7585 4410
6805 6562
3976 2172
7662 3612
4225 529
7005 2689
8848 3010
1977 1800
5286 2600
6667 1263
4351 3524
2602 400
3646 1817
9559 2090
3585 790
9454 6256
5076 4222
9139 1653
4799 3500
1936 1781
6033 3860
5655 2719
4999 1667
9429 8268
4838 4304
3837 1425
8681 172
7615 967
7855 5077
8612 3521
8030 3251
5084 4145
8856 5118
919 572
9855 829
6831 5101
472 25
8710 6888
7048 5971
527 332
5537 5366
472 27
2824 1533
8175 5460
5640 3882
4183 115
157 1
887 57
4622 1038
3106 1529
5993 5020
8572 2679
318 91
8514 2101
5541 3257
5750 5209
7925 4409
110 72
2288 1579
9864 1605
298 36
8954 7083
7455 3533
6269 2330
2746 2568
943 523
2842 1858
177 11
175 118
4903 4711
2122 1252
7914 24
8695 4785
9353 6476
9224 3107
8417 4452
283 155
2596 1680
4599 2604
4490 4271
6249 5355
2452 1161
1057 815
5298 4847
7291 4774
4768 1466
7928 5941
6027 1261
7188 2350
5885 3625
2377 1956
2512 2432
5419 2081
6452 573
4421 589
7756 7419
7565 2637
4599 4538
3502 617
9646 1268
8354 2176
3541 3123
7428 6032
9618 7271
4403 4013
15 5
3941 1812
6239 3520
6098 6029
1689 513
381 111
6041 720
8016 5660
7974 3547
4141 3614
8543 4053
4644 2501
3549 1174
2277 1291
589 69
2929 217
4838 4559
5776 5379
9622 423
4824 3546
4825 4694
7752 4824
4498 1212
415 34
300 189
8962 4487
7974 6003
8951 3498
9995 19
7582 6829
2072 1764
6790 4869
4397 2195
4810 3990
1456 520
5085 3817
8010 2285
6228 4720
2417 1967
731 20
4658 1405
5215 66
749 182
8861 5630
5098 4098
3648 1585
831 358
7860 3370
4058 2897
7456 5988
9089 6059
2166 2071
9152 373
4341 2179
6722 6603
2284 1466
5839 3858
2757 706
8709 347
3909 586
4612 799
446 223
3382 618
7628 2969
312 130
1861 1083
2659 1044
9057 5348
7806 828
9401 6381
6773 3536
6128 5662
4487 459
8575 1046
5289 247
5383 2981
7895 2230
8404 4320
1778 1371
5265 1972
42 25
3043 2274
2593 2546
5564 1536
7491 2400
452 247
9273 9160
8246 1106
7715 4260
1821 959
2640 1714
1337 1084
7694 6578
8117 1936
8128 3853
8105 1267
3175 2602
9897 9467
9695 7711
1049 347
611 69
5069 3934
6180 5668
498 446
2007 173
5119 500
4667 2126
5546 914
1081 389
1556 1186
9724 4445
8510 897
2980 563
1954 1531
3578 3031
8036 6478
9058 7567
6889 4695
7169 1608
630 481
3666 2813
9277 6113
2068 713
3904 2654
989 900
1127 759
5546 3316
8549 4171
6289 5229
1543 1097
7186 1977
4024 2447
7921 3535
8833 5790
8693 907
4597 2846
7306 5799
899 596
6950 6680
7283 3357
2691 2433
7114 6684
7657 596
110 80
9977 5154
8211 1929
1474 1178
1665 868
7696 5594
1799 1477
7508 1450
3675 1591
4832 3764
3649 3152
657 57
5548 3615
4858 2191
2873 1205
9928 4282
9311 7993
4898 2186
2230 627
9751 5754
8305 3129
244 195
4970 1826
6878 1649
4159 2405
7065 5268
9574 871
9092 7630
484 15
4774 4335
5128 1869
5083 2215
4187 1159
9100 4081
9208 6137
2829 2608
1905 1690
4571 279
8489 2336
1728 1445
57 27
4405 1845
898 85
4224 2984
4881 1018
429 61
2064 91
4326 1167
228 41
3210 1238
8109 5467
8041 5468
2731 2342
4520 2128
3363 1854
8969 8964
3025 521
490 160
5845 2420
8706 489
9510 6820
3242 2707
6202 1767
2531 2179
6695 3957
5480 247
367 30
5438 2344
4140 2872
6898 2424
9856 8741
5594 4430
2659 2147
8741 2753
9585 8750
1935 1810
5375 1231
94 22
2770 2093
2115 324
2711 1191
3857 2463
5960 799
9267 5296
2218 1791
2858 297
2598 416
3051 748
186 22
1827 217
6895 3480
7243 4196
6748 5137
6509 1384
92 83
4964 690
3761 3362
1096 738
3968 3956
6127 5827
6606 5327
5308 77
3464 339
369 354
7113 3689
7410 519
187 94
8766 654
6985 275
9741 4121
4427 659
8621 3616
3104 1853
2153 101
4196 2531
4343 961
4664 243
5185 4016
5501 2705
6178 5672
9804 80
3640 1771
1473 1123
8867 6117
1665 951
5363 721
3335 866
481 8
1303 1207
1170 647
4040 580
3921 1567
2829 1560
198 87
1303 652
3930 3110
6294 2864
5077 3023
9144 5192
6663 6658
1496 1159
8103 4266
8799 7658
9155 9078
8828 3576
4685 1903
1928 1053
1912 42
3227 1360
3070 1088
6357 3930
8246 4753
2278 1346
9457 1936
6826 761
980 126
2189 1999
1964 1531
9211 6625
5375 716
7770 6912
8483 2660
858 724
5529 2705
6475 5389
509 283
4236 4128
5528 4335
6852 6456
2898 1287
9333 1570
4401 2964
4875 3716
6048 3165
5821 4586
5271 4311
2436 175
3880 3289
2541 529
1571 152
6191 1310
3989 279
17 6
8138 243
2053 1418
7898 5798
9696 4581
6795 1887
725 689
7743 6388
4402 1299
3850 3189
699 230
7696 1552
1514 217
790 9
702 652
3839 3804
3518 1213
917 321
896 502
7758 435
9089 8562
7190 2616
8714 6372
1866 417
2780 1666
1502 211
4457 2110
9107 2681
739 674
3166 1556
9972 4080
9708 5539
1850 115
1605 151
9866 7261
2707 965
8890 7970
6283 1130
2397 1356
1569 1059
6720 5822
1039 360
5240 4553
6938 3309
5256 4464
510 163
7755 378
2511 1790
4998 773
9423 5919
2006 1058
2968 2499
7892 3777
874 168
5139 2928
307 218
7166 568
8622 2361
7740 2229
4938 198
8073 4564
2373 2203
6934 3998
2362 495
4481 4005
5623 959
3590 796
3845 2772
7566 873
6320 4742
7157 4799
5132 2567
3707 1223
3959 2830
5148 4983
4076 2646
74 9
8913 2711
9248 2815
8760 7878
7520 742
9308 8096
4932 1291
686 25
4763 4506
4926 4119
4357 2640
5949 4658
6613 4095
6480 6301
5273 3645
1194 1145
3444 2389
9151 6497
410 360
8316 6402
9204 6138
6231 1950
2770 2257
3428 773
5284 3990
7706 4265
5932 533
379 365
6409 3660
4311 4005
4599 3165
4840 2521
3158 777
6719 4932
5167 389
1243 1076
3129 717
4913 3997
724 270
6124 3457
472 246
2991 1740
5234 998
9371 7107
7242 1065
7304 6670
1861 248
2313 16
1511 1200
4542 1702
5586 2170
5653 1782
4829 696
6804 3699
568 368
9166 203
6654 4229
2364 2341
5449 1133
5575 1048
6229 1502
6414 5442
6613 4739
5470 228
5433 3909
975 733
1329 199
6992 1128
7152 3119
6485 2171
9392 7817
3677 943
5578 4514
9425 7494
1504 313
7242 4140
9473 5633
9847 7240
272 233
4932 3700
3856 3379
972 904
9521 1191
6705 5184
7166 1623
7381 2472
6298 2242
146 87
7711 3264
9361 3129
4794 3511
8889 717
949 711
1453 290
3728 2271
1172 891
5498 4538
5173 549
6940 5534
8083 5920
1052 164
5993 1438
7127 744
3865 900
3977 3525
2150 403
3890 1335
8562 2206
740 222
5155 2620
1944 79
9176 6449
4236 3488
9726 7326
8174 3642
975 450
9658 9486
8250 8220
4701 1662
4323 859
2452 46
7113 3091
7108 4657
6206 180
7296 2881
8402 1169
9297 1843
1690 1247
9076 8358
9876 9508
1548 679
8162 7215
9098 6595
2624 1279
2676 1109
6615 1450
3409 2058
5685 3623
8262 5693
1070 20
930 394
2539 1367
5 4
258 164
6103 4840
9343 5265
7224 3147
5856 5687
3679 544
8374 3552
1137 881
5431 879
7714 830
4707 89
8928 3811
7748 4659
4865 1983
1133 73
4074 914
5767 1688
7143 2361
5590 459
2335 182
9475 4586
2890 2160
1075 310
3441 1929
1198 322
1364 97
5913 35
2511 892
4358 654
4818 1471
2362 21
4233 3970
9637 2231
3684 1452
8475 3378
8674 6929
5306 3046
2138 708
5406 1427
9672 4086
9343 6972
8704 7234
9020 5902
2063 912
3386 2350
5080 2652
5829 4031
5648 3217
9730 1796
4313 1932
6784 4665
6419 2536
9005 8328
6985 2929
4536 4104
1080 774
4621 1871
4302 1089
9145 8532
1347 1317
4316 4184
6897 4186
22 7
537 391
9933 3652
8975 7654
9418 7563
2601 1018
884 285
8616 2455
7971 7845
5405 4785
8689 5288
3918 402
5439 494
9001 7553
8558 2101
5391 4854
7249 54
8291 5662
8109 1523
6462 433
5401 664
7727 1568
3133 3044
4863 1671
9548 7451
1862 1349
7847 4318
7657 4541
1274 9
5582 1132
1230 340
8102 5562
7609 2811
5816 4323
2033 906
6054 1007
1670 1027
7935 1635
8267 3616
5169 2307
4921 1001
1119 361
2176 2091
9214 3156
7550 5682
1651 630
1725 1171
4208 3817
6415 1304
4154 433
7142 5389
9071 955
4296 4127
5205 1935
6268 429
9478 8967
7903 7405
7478 6471
9067 6090
6423 3078
9956 7171
347 41
2342 406
7016 716
776 220
8511 1945
476 91
2625 2477
7987 6449
6764 2635
1693 1651
6075 2613
539 198
9404 4168
3714 3140
8991 7294
9980 7657
2527 1844
2594 633
111 106
4278 3783
3883 1
286 216
6989 4356
4748 4266
6262 614
7438 5073
4803 1762
3819 332
8689 6248
4382 565
4022 1420
